Iteration	CPUTime	PhysTime	Travels	Value	AvValue	MinValue	MaxValue	Delta	Criteria	Progress	dGMaxMin	CriteriaType	CriteriaVarType	CriteriaPercentage
1	0	0.00229694888	0.00842031614	0.000123005562	0.000123005562	0.000123005562	0.000123005562	0	0	0	0	0	0	0	3
2	0	0.00350588381	0.0168406323	4.97167896e-05	9.77333733e-05	4.97167896e-05	0.000123005562	2.52721885e-05	0	0	0	0	0	0	3
3	0	0.00472568377	0.0252609484	4.12360263e-05	8.31502008e-05	4.12360263e-05	0.000123005562	3.9855361e-05	0	0	0	0	0	0	3
4	0	0.00595568116	0.0336812646	4.14375916e-05	7.45355018e-05	4.12360263e-05	0.000123005562	4.847006e-05	0	0	0	0	0	0	3
5	0	0.00721439741	0.0421015807	4.10338841e-05	6.86903802e-05	4.10338841e-05	0.000123005562	5.43151816e-05	0	0	0	0	0	0	3
6	1	0.00925187331	0.0505218969	3.97196028e-05	6.23103468e-05	3.97196028e-05	0.000123005562	6.0695215e-05	0	0	0	0	0	0	3
7	1	0.0114727915	0.058942213	3.92446353e-05	5.78452558e-05	3.92446353e-05	0.000123005562	6.5160306e-05	0	0	0	0	0	0	3
8	1	0.0137673786	0.0673625292	3.78500329e-05	5.45126837e-05	3.78500329e-05	0.000123005562	6.84928781e-05	0	0	0	0	0	0	3
9	1	0.0160962207	0.0757828453	3.80987783e-05	5.21378782e-05	3.78500329e-05	0.000123005562	7.08676836e-05	0	0	0	0	0	0	3
10	1	0.0184531048	0.0842031614	3.6659384e-05	5.016092e-05	3.6659384e-05	0.000123005562	7.28446418e-05	0	0	0	0	0	0	3
11	1	0.0220296794	0.0926234776	5.1638662e-05	5.04008352e-05	3.6659384e-05	0.000123005562	7.28446418e-05	0	0	0	0	0	0	3
12	1	0.0258405416	0.101043794	5.12708073e-05	5.05291353e-05	3.6659384e-05	0.000123005562	7.28446418e-05	0	0	0	0	0	0	3
13	1	0.0296662155	0.10946411	5.25881055e-05	5.07946544e-05	3.6659384e-05	0.000123005562	7.28446418e-05	0	0	0	0	0	0	3
14	1	0.0335061852	0.117884426	4.92815859e-05	5.06212495e-05	3.6659384e-05	0.000123005562	7.28446418e-05	0	0	0	0	0	0	3
15	1	0.0373584548	0.126304742	5.18125148e-05	5.07440885e-05	3.6659384e-05	0.000123005562	7.28446418e-05	0	0	0	0	0	0	3
16	1	0.0431550582	0.134725058	5.01442734e-05	5.06635211e-05	3.6659384e-05	0.000123005562	7.28446418e-05	0	0	0	0	0	0	3
17	1	0.0489739748	0.143145374	5.2509338e-05	5.08828346e-05	3.6659384e-05	0.000123005562	7.28446418e-05	0	0	0	0	0	0	3
18	1	0.0548131767	0.151565691	5.18696451e-05	5.09879587e-05	3.6659384e-05	0.000123005562	7.28446418e-05	0	0	0	0	0	0	3
19	1	0.060668169	0.159986007	5.51604772e-05	5.13906421e-05	3.6659384e-05	0.000123005562	7.28446418e-05	0	0	0	0	0	0	3
20	1	0.0665368958	0.168406323	5.50611737e-05	5.17143925e-05	3.6659384e-05	0.000123005562	7.28446418e-05	0	0	0	0	0	0	3
21	1	0.0753549963	0.176826639	5.79725638e-05	5.24467286e-05	3.6659384e-05	0.000123005562	7.28446418e-05	0	0	0	0	0	0	3
22	2	0.0841948674	0.185246955	5.85850582e-05	5.30912102e-05	3.6659384e-05	0.000123005562	7.28446418e-05	0	0	0	0	0	0	3
23	2	0.0930521835	0.193667271	6.18467107e-05	5.39246161e-05	3.6659384e-05	0.000123005562	7.28446418e-05	0	0	0	0	0	0	3
24	2	0.101928903	0.202087587	6.1802942e-05	5.46107187e-05	3.6659384e-05	0.000123005562	7.28446418e-05	0	0	0	0	0	0	3
25	2	0.110822026	0.210507904	6.60840309e-05	5.55314163e-05	3.6659384e-05	0.000123005562	7.28446418e-05	0	0	0	0	0	0	3
26	2	0.124195022	0.21892822	6.76524206e-05	5.68365745e-05	3.6659384e-05	0.000123005562	7.28446418e-05	0	0	0	0	0	0	3
27	2	0.137609153	0.227348536	7.02290868e-05	5.81420756e-05	3.6659384e-05	0.000123005562	7.28446418e-05	0	0	0	0	0	0	3
28	2	0.151069064	0.235768852	7.13729199e-05	5.93209139e-05	3.6659384e-05	0.000123005562	7.28446418e-05	0	0	0	0	0	0	3
29	2	0.16457264	0.244189168	7.35363261e-05	6.04873222e-05	3.6659384e-05	0.000123005562	7.28446418e-05	0	0	0	0	0	0	3
30	2	0.178123992	0.252609484	7.50651645e-05	6.15963781e-05	3.6659384e-05	0.000123005562	7.28446418e-05	0	0	0	0	0	0	3
31	2	0.196032028	0.2610298	7.59037986e-05	6.29033982e-05	3.6659384e-05	0.000123005562	7.28446418e-05	0	0	0	0	0	0	3
32	2	0.214019275	0.269450117	7.65878623e-05	6.40535088e-05	3.6659384e-05	0.000123005562	7.28446418e-05	0	0	0	0	0	0	3
33	2	0.232083156	0.277870433	7.93356573e-05	6.52429744e-05	3.6659384e-05	0.000123005562	7.28446418e-05	0	0	0	0	0	0	3
34	2	0.250251998	0.286290749	8.12136636e-05	6.64024813e-05	3.6659384e-05	0.000123005562	7.28446418e-05	0	0	0	0	0	0	3
35	2	0.268517615	0.294711065	8.22044836e-05	6.74773952e-05	3.6659384e-05	0.000123005562	7.28446418e-05	0	0	0	0	0	0	3
36	2	0.286876916	0.303131381	8.30007879e-05	6.84708479e-05	3.6659384e-05	0.000123005562	7.28446418e-05	0	0	0	0	0	0	3
37	2	0.305327505	0.311551697	8.3162236e-05	6.93586315e-05	3.6659384e-05	0.000123005562	7.28446418e-05	0	0	0	0	0	0	3
38	2	0.323864977	0.319972013	8.3686893e-05	7.01787565e-05	3.6659384e-05	0.000123005562	7.28446418e-05	0	0	0	0	0	0	3
39	3	0.342484752	0.32839233	8.38688229e-05	7.09230406e-05	3.6659384e-05	0.000123005562	7.28446418e-05	0	0	0	0	0	0	3
40	3	0.361182169	0.336812646	8.40929391e-05	7.16048104e-05	3.6659384e-05	0.000123005562	7.28446418e-05	0	0	0	0	0	0	3
41	3	0.379948091	0.345232962	8.37171923e-05	7.220305e-05	3.6659384e-05	0.000123005562	7.28446418e-05	0	0	0	0	0	0	3
42	3	0.398781357	0.353653278	8.3431136e-05	7.27333194e-05	3.6659384e-05	0.000123005562	7.28446418e-05	0	0	0	0	0	0	3
43	3	0.417677974	0.362073594	8.27991706e-05	7.31887193e-05	3.6659384e-05	0.000123005562	7.28446418e-05	0	0	0	0	0	0	3
44	3	0.436635841	0.37049391	8.19071424e-05	7.3567256e-05	3.6659384e-05	0.000123005562	7.28446418e-05	0	0	0	0	0	0	3
45	3	0.45565248	0.378914227	8.05776602e-05	7.3859835e-05	3.6659384e-05	0.000123005562	7.28446418e-05	0	0	0	0	0	0	3
46	3	0.474724944	0.387334543	7.92291214e-05	7.40755505e-05	3.6659384e-05	0.000123005562	7.28446418e-05	0	0	0	0	0	0	3
47	3	0.493849087	0.395754859	7.80395589e-05	7.42290554e-05	3.6659384e-05	0.000123005562	7.28446418e-05	0	0	0	0	0	0	3
48	3	0.513023411	0.404175175	7.69143434e-05	7.43294184e-05	3.6659384e-05	0.000123005562	7.28446418e-05	0	0	0	0	0	0	3
49	3	0.532248043	0.412595491	7.60558206e-05	7.43917755e-05	3.6659384e-05	0.000123005562	7.28446418e-05	0	0	0	0	0	0	3
50	3	0.551520564	0.421015807	7.523619e-05	7.4421283e-05	3.6659384e-05	0.000123005562	7.28446418e-05	0	0	0	0	0	0	3
51	3	0.570836309	0.429436123	7.4357304e-05	7.44191181e-05	3.6659384e-05	0.000123005562	7.28446418e-05	0	0	0	0	0	0	3
52	4	0.59019618	0.43785644	7.39105752e-05	7.44024367e-05	3.6659384e-05	0.000123005562	7.28446418e-05	0	0	0	0	0	0	3
53	4	0.609599195	0.446276756	7.37496629e-05	7.43816595e-05	3.6659384e-05	0.000123005562	7.28446418e-05	0	0	0	0	0	0	3
54	4	0.629045155	0.454697072	7.34013373e-05	7.43513543e-05	3.6659384e-05	0.000123005562	7.28446418e-05	0	0	0	0	0	0	3
55	4	0.648532517	0.463117388	7.39999113e-05	7.4340794e-05	3.6659384e-05	0.000123005562	7.28446418e-05	0	0	0	0	0	0	3
56	4	0.668059176	0.471537704	7.39987967e-05	7.43307978e-05	3.6659384e-05	0.000123005562	7.28446418e-05	0	0	0	0	0	0	3
57	4	0.687644458	0.47995802	7.29937717e-05	7.4292717e-05	3.6659384e-05	0.000123005562	7.28446418e-05	0	0	0	0	0	0	3
58	4	0.70726603	0.488378336	7.32639419e-05	7.42641759e-05	3.6659384e-05	0.000123005562	7.28446418e-05	0	0	0	0	0	0	3
59	4	0.726919327	0.496798653	7.33233791e-05	7.42387401e-05	3.6659384e-05	0.000123005562	7.28446418e-05	0	0	0	0	0	0	3
60	4	0.746630878	0.505218969	7.19816686e-05	7.41791519e-05	3.6659384e-05	0.000123005562	7.28446418e-05	0	0	0	0	0	0	3
61	4	0.766373865	0.513639285	7.19743931e-05	7.39754024e-05	3.6659384e-05	8.40929391e-05	4.7433555e-05	0	0	0	0	0	0	3
62	4	0.786143136	0.522059601	7.18355068e-05	7.39588212e-05	3.6659384e-05	8.40929391e-05	3.29892808e-05	0	0	0	0	0	0	3
63	4	0.805968447	0.530479917	7.13724624e-05	7.39446431e-05	3.6659384e-05	8.40929391e-05	2.43745818e-05	0	0	0	0	0	0	3
64	4	0.825815648	0.538900233	7.09532437e-05	7.3920996e-05	3.6659384e-05	8.40929391e-05	2.4260363e-05	0	0	0	0	0	0	3
65	4	0.84571617	0.547320549	7.06868256e-05	7.38936065e-05	3.6659384e-05	8.40929391e-05	2.4260363e-05	0	0	0	0	0	0	3
66	4	0.865638337	0.555740866	7.03826648e-05	7.38932365e-05	3.6659384e-05	8.40929391e-05	2.4260363e-05	0	0	0	0	0	0	3
67	4	0.885614365	0.564161182	7.01551264e-05	7.38958438e-05	3.6659384e-05	8.40929391e-05	2.4260363e-05	0	0	0	0	0	0	3
68	4	0.90561532	0.572581498	6.99588094e-05	7.39002905e-05	3.6659384e-05	8.40929391e-05	2.4260363e-05	0	0	0	0	0	0	3
69	4	0.925668725	0.581001814	7.05894209e-05	7.39189606e-05	3.6659384e-05	8.40929391e-05	2.4260363e-05	0	0	0	0	0	0	3
70	4	0.94576792	0.58942213	6.97621419e-05	7.39235629e-05	4.92815859e-05	8.40929391e-05	2.40204479e-05	0	0	0	0	0	0	3
71	5	0.965886244	0.597842446	6.93834932e-05	7.39112359e-05	4.92815859e-05	8.40929391e-05	2.38921478e-05	0	0	0	0	0	0	3
72	5	0.986056252	0.606262762	6.98567273e-05	7.39159224e-05	4.92815859e-05	8.40929391e-05	2.38000335e-05	0	0	0	0	0	0	3
73	5	1.00627023	0.614683079	6.99669166e-05	7.39177329e-05	4.92815859e-05	8.40929391e-05	2.38000335e-05	0	0	0	0	0	0	3
74	5	1.02652205	0.623103395	6.87513753e-05	7.39076363e-05	5.01442734e-05	8.40929391e-05	2.37577619e-05	0	0	0	0	0	0	3
75	5	1.0467948	0.631523711	6.90973396e-05	7.38953507e-05	5.01442734e-05	8.40929391e-05	2.37577619e-05	0	0	0	0	0	0	3
76	5	1.06710128	0.639944027	6.92913196e-05	7.39385013e-05	5.18696451e-05	8.40929391e-05	2.35384484e-05	0	0	0	0	0	0	3
77	5	1.08744023	0.648364343	6.81950402e-05	7.3946088e-05	5.18696451e-05	8.40929391e-05	2.34333243e-05	0	0	0	0	0	0	3
78	5	1.10778592	0.656784659	6.82865723e-05	7.39591578e-05	5.50611737e-05	8.40929391e-05	2.30306409e-05	0	0	0	0	0	0	3
79	5	1.1281614	0.665204975	6.77913354e-05	7.39445382e-05	5.50611737e-05	8.40929391e-05	2.27068905e-05	0	0	0	0	0	0	3
80	5	1.14856709	0.673625292	6.76663742e-05	7.392856e-05	5.79725638e-05	8.40929391e-05	2.19745544e-05	0	0	0	0	0	0	3
81	5	1.16900092	0.682045608	6.74710083e-05	7.39365599e-05	5.85850582e-05	8.40929391e-05	2.13300728e-05	0	0	0	0	0	0	3
82	5	1.18946079	0.690465924	6.64312324e-05	7.39204075e-05	6.1802942e-05	8.40929391e-05	2.0496667e-05	0	0	0	0	0	0	3
83	5	1.20992571	0.69888624	6.64877726e-05	7.38799663e-05	6.1802942e-05	8.40929391e-05	1.98105643e-05	0	0	0	0	0	0	3
84	5	1.23041613	0.707306556	6.63018789e-05	7.3837366e-05	6.60840309e-05	8.40929391e-05	1.80089082e-05	0	0	0	0	0	0	3
85	5	1.25093197	0.715726872	6.59858846e-05	7.37565594e-05	6.59858846e-05	8.40929391e-05	1.75847086e-05	0	0	0	0	0	0	3
86	5	1.27147424	0.724147188	6.56898895e-05	7.36832755e-05	6.56898895e-05	8.40929391e-05	1.62792074e-05	0	0	0	0	0	0	3
87	5	1.29204136	0.732567505	6.53820707e-05	7.35755196e-05	6.53820707e-05	8.40929391e-05	1.51003691e-05	0	0	0	0	0	0	3
88	6	1.31263445	0.740987821	6.5099629e-05	7.34507759e-05	6.5099629e-05	8.40929391e-05	1.39339609e-05	0	0	0	0	0	0	3
89	6	1.3332533	0.749408137	6.47710549e-05	7.32966524e-05	6.47710549e-05	8.40929391e-05	1.28249049e-05	0	0	0	0	0	0	3
90	6	1.35389885	0.757828453	6.45219214e-05	7.31221931e-05	6.45219214e-05	8.40929391e-05	1.15178848e-05	0	0	0	0	0	0	3
91	6	1.37457183	0.766248769	6.42092118e-05	7.29235821e-05	6.42092118e-05	8.40929391e-05	1.03677742e-05	0	0	0	0	0	0	3
92	6	1.3952735	0.774669085	6.38141774e-05	7.27081414e-05	6.38141774e-05	8.40929391e-05	9.17830864e-06	0	0	0	0	0	0	3
93	6	1.41600365	0.783089401	6.33946022e-05	7.24439432e-05	6.33946022e-05	8.40929391e-05	8.01880173e-06	0	0	0	0	0	0	3
94	6	1.43676349	0.791509718	6.31706385e-05	7.21474033e-05	6.31706385e-05	8.40929391e-05	6.94388783e-06	0	0	0	0	0	0	3
95	6	1.45755467	0.799930034	6.26523001e-05	7.18268808e-05	6.26523001e-05	8.40929391e-05	5.95043515e-06	0	0	0	0	0	0	3
96	6	1.47837613	0.80835035	6.224742e-05	7.14873056e-05	6.224742e-05	8.40929391e-05	5.0626515e-06	0	0	0	0	0	0	3
97	6	1.49922992	0.816770666	6.18035133e-05	7.1137735e-05	6.18035133e-05	8.40929391e-05	4.24252655e-06	0	0	0	0	0	0	3
98	6	1.52011658	0.825190982	6.14691077e-05	7.07744545e-05	6.14691077e-05	8.40929391e-05	3.64682854e-06	0	0	0	0	0	0	3
99	6	1.5410383	0.833611298	6.10642222e-05	7.04015308e-05	6.10642222e-05	8.40929391e-05	4.01975223e-06	0	0	0	0	0	0	3
100	6	1.56199626	0.842031614	6.07545409e-05	7.0019977e-05	6.07545409e-05	8.37171923e-05	4.40130606e-06	0	0	0	0	0	0	3
101	6	1.58299211	0.850451931	6.03752252e-05	6.96379955e-05	6.03752252e-05	8.3431136e-05	4.78328757e-06	0	0	0	0	0	0	3
102	7	1.60399388	0.858872247	6.01534118e-05	6.92571805e-05	6.01534118e-05	8.27991706e-05	5.16410254e-06	0	0	0	0	0	0	3
103	7	1.6249966	0.867292563	5.98426971e-05	6.88814491e-05	5.98426971e-05	8.19071424e-05	5.53983391e-06	0	0	0	0	0	0	3
104	7	1.64599833	0.875712879	5.95498701e-05	6.85152076e-05	5.95498701e-05	8.05776602e-05	5.9060754e-06	0	0	0	0	0	0	3
105	7	1.66699802	0.884133195	5.92823075e-05	6.81657819e-05	5.92823075e-05	7.92291214e-05	6.25550116e-06	0	0	0	0	0	0	3
106	7	1.68799549	0.892553511	5.90526362e-05	6.78341509e-05	5.90526362e-05	7.80395589e-05	6.58713219e-06	0	0	0	0	0	0	3
107	7	1.70899098	0.900973827	5.88371215e-05	6.75180835e-05	5.88371215e-05	7.69143434e-05	6.90319954e-06	0	0	0	0	0	0	3
108	7	1.72998503	0.909394144	5.86476978e-05	6.72170122e-05	5.86476978e-05	7.60558206e-05	7.20427088e-06	0	0	0	0	0	0	3
109	7	1.75097855	0.91781446	5.84981356e-05	6.6927397e-05	5.84981356e-05	7.523619e-05	7.49388599e-06	0	0	0	0	0	0	3
110	7	1.77197293	0.926234776	5.83647501e-05	6.66488947e-05	5.83647501e-05	7.4357304e-05	7.77022345e-06	0	0	0	0	0	0	3
111	7	1.79296998	0.934655092	5.83150211e-05	6.63838824e-05	5.83150211e-05	7.39999113e-05	8.01855429e-06	0	0	0	0	0	0	3
112	7	1.81397185	0.943075408	5.82011052e-05	6.61243827e-05	5.82011052e-05	7.39999113e-05	8.25727678e-06	0	0	0	0	0	0	3
113	7	1.83498099	0.951495724	5.81260484e-05	6.58665108e-05	5.81260484e-05	7.39999113e-05	8.48484354e-06	0	0	0	0	0	0	3
114	7	1.85600075	0.95991604	5.80542211e-05	6.56132544e-05	5.80542211e-05	7.39999113e-05	8.72753965e-06	0	0	0	0	0	0	3
115	8	1.87703414	0.968336357	5.80207403e-05	6.53502265e-05	5.80207403e-05	7.39987967e-05	8.98057128e-06	0	0	0	0	0	0	3
116	8	1.89808525	0.976756673	5.78739416e-05	6.50849787e-05	5.78739416e-05	7.33233791e-05	9.20773836e-06	0	0	0	0	0	0	3
117	8	1.91915809	0.985176989	5.77199191e-05	6.48331758e-05	5.77199191e-05	7.33233791e-05	9.43100006e-06	0	0	0	0	0	0	3
118	8	1.94025723	0.993597305	5.7535359e-05	6.45741289e-05	5.7535359e-05	7.33233791e-05	9.66461122e-06	0	0	0	0	0	0	3
119	8	1.9613873	1.00201762	5.72532829e-05	6.43095278e-05	5.72532829e-05	7.19816686e-05	9.8696241e-06	1.42300665e-06	0	14.4	0	0	0	3
120	8	1.98255168	1.01043794	5.69928838e-05	6.40618727e-05	5.69928838e-05	7.19743931e-05	9.91352967e-06	1.42300665e-06	0	14.3	0	0	0	3
121	8	2.00375544	1.01885825	5.67175264e-05	6.38097722e-05	5.67175264e-05	7.18355068e-05	1.01493855e-05	1.42300665e-06	0	14	0	0	0	3
122	8	2.02500448	1.02727857	5.65080879e-05	6.35564616e-05	5.65080879e-05	7.13724624e-05	1.04026961e-05	1.42300665e-06	0	13.6	0	0	0	3
123	8	2.04630583	1.03569889	5.62427756e-05	6.33059282e-05	5.62427756e-05	7.09532437e-05	1.06532296e-05	1.42300665e-06	0	13.3	0	0	0	3
124	8	2.06766552	1.0441192	5.59641463e-05	6.30574311e-05	5.59641463e-05	7.06868256e-05	1.09017266e-05	1.42300665e-06	0	13	0	0	0	3
125	8	2.08905858	1.05253952	5.56900677e-05	6.28085541e-05	5.56900677e-05	7.05894209e-05	1.11506037e-05	1.42300665e-06	0	12.7	0	0	0	3
126	8	2.11040784	1.06095983	5.54337687e-05	6.25608465e-05	5.54337687e-05	7.05894209e-05	1.13983113e-05	1.42300665e-06	0	12.4	0	0	0	3
127	8	2.13170869	1.06938015	5.51987441e-05	6.23132548e-05	5.51987441e-05	7.05894209e-05	1.1645903e-05	1.42300665e-06	0	12.2	0	0	0	3
128	8	2.15295713	1.07780047	5.5012843e-05	6.2066297e-05	5.5012843e-05	7.05894209e-05	1.18928607e-05	1.42300665e-06	0	11.9	0	0	0	3
129	8	2.17415055	1.08622078	5.4882344e-05	6.18074465e-05	5.4882344e-05	6.99669166e-05	1.21517113e-05	1.42300665e-06	0	11.7	0	0	0	3
130	9	2.19528725	1.0946411	5.48520194e-05	6.15618338e-05	5.48520194e-05	6.99669166e-05	1.23973239e-05	1.42300665e-06	0	11.4	0	0	0	3
131	9	2.21636671	1.10306141	5.48245303e-05	6.13224239e-05	5.48245303e-05	6.99669166e-05	1.26367338e-05	1.42300665e-06	0	11.2	0	0	0	3
132	9	2.23738928	1.11148173	5.51120798e-05	6.10805264e-05	5.48245303e-05	6.99669166e-05	1.28786314e-05	1.42300665e-06	0	11	0	0	0	3
133	9	2.25835693	1.11990205	5.54034286e-05	6.08419928e-05	5.48245303e-05	6.92913196e-05	1.31171649e-05	1.42300665e-06	0	10.8	0	0	0	3
134	9	2.27927243	1.12832236	5.58171628e-05	6.06302378e-05	5.48245303e-05	6.92913196e-05	1.332892e-05	1.42300665e-06	0	10.6	0	0	0	3
135	9	2.30013934	1.13674268	5.62846263e-05	6.04209331e-05	5.48245303e-05	6.92913196e-05	1.35382247e-05	1.42300665e-06	0	10.5	0	0	0	3
136	9	2.32096116	1.145163	5.68474783e-05	6.02179342e-05	5.48245303e-05	6.82865723e-05	1.3462042e-05	1.42300665e-06	0	10.5	0	0	0	3
137	9	2.34174363	1.15358331	5.75151088e-05	6.00437998e-05	5.48245303e-05	6.82865723e-05	1.3462042e-05	1.42300665e-06	0	10.5	0	0	0	3
138	9	2.36249336	1.16200363	5.82429017e-05	5.98803569e-05	5.48245303e-05	6.77913354e-05	1.29668051e-05	1.42300665e-06	0	10.9	0	0	0	3
139	9	2.38321756	1.17042394	5.91923253e-05	5.97405632e-05	5.48245303e-05	6.76663742e-05	1.28418439e-05	1.42300665e-06	0	11	0	0	0	3
140	9	2.40392512	1.17884426	5.99756018e-05	5.96156072e-05	5.48245303e-05	6.74710083e-05	1.2646478e-05	1.42300665e-06	0	11.2	0	0	0	3
141	9	2.42462533	1.18726458	6.07633489e-05	5.95066913e-05	5.48245303e-05	6.64877726e-05	1.16632423e-05	1.42300665e-06	0	12.2	0	0	0	3
142	9	2.44532641	1.19568489	6.1240755e-05	5.9422464e-05	5.48245303e-05	6.64877726e-05	1.16632423e-05	1.42300665e-06	0	12.2	0	0	0	3
143	9	2.46603902	1.20410521	6.17050864e-05	5.93449933e-05	5.48245303e-05	6.63018789e-05	1.14773485e-05	1.42300665e-06	0	12.3	0	0	0	3
144	10	2.4867755	1.21252552	6.19249351e-05	5.92741134e-05	5.48245303e-05	6.59858846e-05	1.11613543e-05	1.42300665e-06	0	12.7	0	0	0	3
145	10	2.50754764	1.22094584	6.15754738e-05	5.92025773e-05	5.48245303e-05	6.56898895e-05	1.08653592e-05	1.42300665e-06	0	13	0	0	0	3
146	10	2.52837437	1.22936616	6.19186061e-05	5.91415556e-05	5.48245303e-05	6.53820707e-05	1.05575404e-05	1.42300665e-06	0	13.4	0	0	0	3
147	10	2.54926693	1.23778647	6.13675157e-05	5.90764572e-05	5.48245303e-05	6.5099629e-05	1.02750987e-05	1.42300665e-06	0	13.8	0	0	0	3
148	10	2.5702213	1.24620679	6.07432189e-05	5.90055995e-05	5.48245303e-05	6.47710549e-05	9.94652464e-06	1.42300665e-06	0	14.3	0	0	0	3
149	10	2.59105882	1.25462711	6.04587581e-05	5.89351618e-05	5.48245303e-05	6.45219214e-05	9.69739105e-06	1.42300665e-06	0	14.6	0	0	0	3
150	10	2.61178462	1.26304742	6.00710902e-05	5.88621833e-05	5.48245303e-05	6.42092118e-05	9.3846815e-06	1.42300665e-06	0	15.1	0	0	0	3
151	10	2.63241433	1.27146774	5.99727904e-05	5.87925183e-05	5.48245303e-05	6.38141774e-05	8.98964707e-06	1.42300665e-06	0	15.8	0	0	0	3
152	10	2.65291988	1.27988805	6.0163855e-05	5.87322178e-05	5.48245303e-05	6.33946022e-05	8.57007188e-06	1.42300665e-06	0	16.6	0	0	0	3
153	10	2.67324808	1.28830837	6.07391379e-05	5.86877915e-05	5.48245303e-05	6.31706385e-05	8.34610824e-06	1.42300665e-06	0	17	0	0	0	3
154	10	2.6934609	1.29672869	6.17029346e-05	5.86622335e-05	5.48245303e-05	6.26523001e-05	7.82776984e-06	1.42300665e-06	0	18.1	0	0	0	3
155	10	2.71360813	1.305149	6.32359909e-05	5.86695503e-05	5.48245303e-05	6.32359909e-05	8.41146058e-06	1.42300665e-06	0	16.9	0	0	0	3
156	10	2.73367654	1.31356932	6.50897963e-05	5.87128449e-05	5.48245303e-05	6.50897963e-05	1.0265266e-05	1.42300665e-06	0	13.8	0	0	0	3
157	10	2.75369943	1.32198963	6.75796237e-05	5.88029916e-05	5.48245303e-05	6.75796237e-05	1.2112221e-05	1.42300665e-06	0	11.7	0	0	0	3
158	11	2.7735126	1.33040995	7.01327654e-05	5.89376597e-05	5.48245303e-05	7.01327654e-05	1.17392973e-05	1.42300665e-06	0	12.1	0	0	0	3
159	11	2.7931338	1.33883027	7.30024448e-05	5.91225311e-05	5.48245303e-05	7.30024448e-05	1.13577435e-05	1.42300665e-06	0	12.5	0	0	0	3
160	11	2.81258309	1.34725058	7.60597507e-05	5.93585909e-05	5.48245303e-05	7.60597507e-05	1.0975762e-05	1.42300665e-06	0	12.9	0	0	0	3
161	11	2.83188281	1.3556709	7.81239764e-05	5.96314903e-05	5.48245303e-05	7.81239764e-05	1.0594947e-05	1.42300665e-06	0	13.4	0	0	0	3
162	11	2.85105982	1.36409122	8.06555998e-05	5.99460033e-05	5.48245303e-05	8.06555998e-05	1.02192157e-05	1.42300665e-06	0	13.9	0	0	0	3
163	11	2.87014304	1.37251153	8.29201791e-05	6.02998499e-05	5.48245303e-05	8.29201791e-05	9.85297418e-06	1.42300665e-06	0	14.4	0	0	0	3
164	11	2.88915945	1.38093185	8.55843432e-05	6.06992923e-05	5.48245303e-05	8.55843432e-05	9.50354841e-06	1.42300665e-06	0	14.9	0	0	0	3
165	11	2.90816415	1.38935216	8.61898546e-05	6.11135774e-05	5.48245303e-05	8.61898546e-05	9.17191738e-06	1.42300665e-06	0	15.5	0	0	0	3
166	11	2.92717423	1.39777248	8.70845205e-05	6.15469163e-05	5.48245303e-05	8.70845205e-05	8.85585004e-06	1.42300665e-06	0	16	0	0	0	3
167	11	2.94624648	1.4061928	8.74202143e-05	6.19917359e-05	5.48245303e-05	8.74202143e-05	8.5547787e-06	1.42300665e-06	0	16.6	0	0	0	3
168	11	2.96541708	1.41461311	8.7817121e-05	6.2449303e-05	5.48245303e-05	8.7817121e-05	8.26516358e-06	1.42300665e-06	0	17.2	0	0	0	3
169	11	2.98472153	1.42303343	8.84525297e-05	6.29234105e-05	5.48245303e-05	8.84525297e-05	7.98666123e-06	1.42300665e-06	0	17.8	0	0	0	3
170	11	3.00419588	1.43145374	8.95988612e-05	6.34226655e-05	5.48245303e-05	8.95988612e-05	7.72164894e-06	1.42300665e-06	0	18.4	0	0	0	3
171	11	3.0238731	1.43987406	9.15213286e-05	6.39589781e-05	5.48245303e-05	9.15213286e-05	7.46214922e-06	1.42300665e-06	0	19	0	0	0	3
172	12	3.0437775	1.44829438	9.41465049e-05	6.45458926e-05	5.48245303e-05	9.41465049e-05	7.20427732e-06	1.42300665e-06	0	19.7	0	0	0	3
173	12	3.06358911	1.45671469	9.65744724e-05	6.51721404e-05	5.48245303e-05	9.65744724e-05	6.95102091e-06	1.42300665e-06	0	20.4	0	0	0	3
174	12	3.08298095	1.46513501	0.000100173301	6.58472562e-05	5.48245303e-05	0.000100173301	7.18502278e-06	1.42300665e-06	0	19.8	0	0	0	3
175	12	3.10202643	1.47355533	0.000101971857	6.65432839e-05	5.48245303e-05	0.000101971857	7.88105044e-06	1.42300665e-06	0	18	0	0	0	3
176	12	3.12079197	1.48197564	0.000103683475	6.72625531e-05	5.48245303e-05	0.000103683475	8.60031961e-06	1.42300665e-06	0	16.5	0	0	0	3
177	12	3.1393331	1.49039596	0.00010382707	6.79829725e-05	5.48245303e-05	0.00010382707	9.32073899e-06	1.42300665e-06	0	15.2	0	0	0	3
178	12	3.15770747	1.49881627	0.000103929308	6.8706556e-05	5.48245303e-05	0.000103929308	1.00443226e-05	1.42300665e-06	0	14.1	0	0	0	3
179	12	3.17597782	1.50723659	0.000102680982	6.94168636e-05	5.48245303e-05	0.000103929308	1.07546302e-05	1.42300665e-06	0	13.2	0	0	0	3
180	12	3.19419075	1.51565691	0.000100553209	7.01019111e-05	5.48245303e-05	0.000103929308	1.14396776e-05	1.42300665e-06	0	12.4	0	0	0	3
181	12	3.21239476	1.52407722	9.67308011e-05	7.0737793e-05	5.48245303e-05	0.000103929308	1.20755595e-05	1.42300665e-06	0	11.7	0	0	0	3
182	12	3.2306371	1.53249754	9.46016777e-05	7.13496715e-05	5.48245303e-05	0.000103929308	1.2687438e-05	1.42300665e-06	0	11.2	0	0	0	3
183	12	3.24898321	1.54091785	9.20316653e-05	7.193273e-05	5.48245303e-05	0.000103929308	1.32704965e-05	1.42300665e-06	0	10.7	0	0	0	3
184	13	3.26747202	1.54933817	9.0114609e-05	7.24971922e-05	5.48245303e-05	0.000103929308	1.38349587e-05	1.42300665e-06	0	10.2	0	0	0	3
185	13	3.28612984	1.55775849	8.88727871e-05	7.30527887e-05	5.48245303e-05	0.000103929308	1.43905553e-05	1.42300665e-06	0	9.8	0	0	0	3
186	13	3.30497713	1.5661788	8.81919892e-05	7.3606533e-05	5.48245303e-05	0.000103929308	1.49442995e-05	1.42300665e-06	0	9.5	0	0	0	3
187	13	3.32403434	1.57459912	8.9296389e-05	7.41861619e-05	5.48245303e-05	0.000103929308	1.55239285e-05	1.42300665e-06	0	9.1	0	0	0	3
188	13	3.34283813	1.58301944	9.11147868e-05	7.47960763e-05	5.48245303e-05	0.000103929308	1.61338428e-05	1.42300665e-06	0	8.8	0	0	0	3
189	13	3.36140712	1.59143975	9.30347649e-05	7.54368089e-05	5.48245303e-05	0.000103929308	1.67745754e-05	1.42300665e-06	0	8.4	0	0	0	3
190	13	3.37977601	1.59986007	9.44725455e-05	7.60993393e-05	5.48245303e-05	0.000103929308	1.74371058e-05	1.42300665e-06	0	8.1	0	0	0	3
191	13	3.3979827	1.60828038	9.54206008e-05	7.67765795e-05	5.51120798e-05	0.000103929308	1.8114346e-05	1.42300665e-06	0	7.8	0	0	0	3
192	13	3.41606249	1.6167007	9.63383383e-05	7.74630429e-05	5.54034286e-05	0.000103929308	1.88008095e-05	1.42300665e-06	0	7.5	0	0	0	3
193	13	3.43405364	1.62512102	9.62240021e-05	7.81435495e-05	5.58171628e-05	0.000103929308	1.94813161e-05	1.42300665e-06	0	7.3	0	0	0	3
194	13	3.45199269	1.63354133	9.67316042e-05	7.88260819e-05	5.62846263e-05	0.000103929308	2.01638484e-05	1.42300665e-06	0	7	0	0	0	3
195	13	3.46994753	1.64196165	9.56825449e-05	7.9486896e-05	5.68474783e-05	0.000103929308	2.08246626e-05	1.42300665e-06	0	6.8	0	0	0	3
196	13	3.48793924	1.65038196	9.41034239e-05	8.01161882e-05	5.75151088e-05	0.000103929308	2.14539547e-05	1.42300665e-06	0	6.6	0	0	0	3
197	14	3.50599571	1.65880228	9.1632023e-05	8.06982284e-05	5.82429017e-05	0.000103929308	2.20359949e-05	1.42300665e-06	0	6.4	0	0	0	3
198	14	3.52415326	1.6672226	8.93622494e-05	8.12347532e-05	5.91923253e-05	0.000103929308	2.25725197e-05	1.42300665e-06	0	6.3	0	0	0	3
199	14	3.54244589	1.67564291	8.81473226e-05	8.17378988e-05	5.99727904e-05	0.000103929308	2.30756654e-05	1.42300665e-06	0	6.1	0	0	0	3
200	14	3.56090506	1.68406323	8.66059363e-05	8.22050669e-05	5.99727904e-05	0.000103929308	2.35428334e-05	1.42300665e-06	0	6	0	0	0	3
201	14	3.57955864	1.69248355	8.6604994e-05	8.26604373e-05	5.99727904e-05	0.000103929308	2.39982038e-05	1.42300665e-06	0	5.9	0	0	0	3
202	14	3.5984279	1.70090386	8.85157276e-05	8.31407901e-05	5.99727904e-05	0.000103929308	2.44785566e-05	1.42300665e-06	0	5.8	0	0	0	3
203	14	3.61739552	1.70932418	9.05915234e-05	8.36491574e-05	5.99727904e-05	0.000103929308	2.49869239e-05	1.42300665e-06	0	5.6	0	0	0	3
204	14	3.63614027	1.71774449	9.28959601e-05	8.41919032e-05	5.99727904e-05	0.000103929308	2.55296697e-05	1.42300665e-06	0	5.5	0	0	0	3
205	14	3.65468079	1.72616481	9.40369625e-05	8.47605593e-05	5.99727904e-05	0.000103929308	2.60983258e-05	1.42300665e-06	0	5.4	0	0	0	3
206	14	3.67304679	1.73458513	9.62827691e-05	8.53610281e-05	5.99727904e-05	0.000103929308	2.66987946e-05	1.42300665e-06	0	5.3	0	0	0	3
207	14	3.69127204	1.74300544	9.71653077e-05	8.59883649e-05	5.99727904e-05	0.000103929308	2.73261314e-05	1.42300665e-06	0	5.2	0	0	0	3
208	15	3.70939114	1.75142576	9.77440379e-05	8.66397151e-05	5.99727904e-05	0.000103929308	2.79774816e-05	1.42300665e-06	0	5	0	0	0	3
209	15	3.72744118	1.75984607	9.76457699e-05	8.72946054e-05	5.99727904e-05	0.000103929308	2.8632372e-05	1.42300665e-06	0	4.9	0	0	0	3
210	15	3.74546151	1.76826639	9.75201308e-05	8.79548434e-05	5.99727904e-05	0.000103929308	2.92926099e-05	1.42300665e-06	0	4.8	0	0	0	3
211	15	3.76351696	1.77668671	9.61273623e-05	8.85956518e-05	6.0163855e-05	0.000103929308	2.99334184e-05	1.42300665e-06	0	4.7	0	0	0	3
212	15	3.78163511	1.78510702	9.43894274e-05	8.92051785e-05	6.07391379e-05	0.000103929308	3.0542945e-05	1.42300665e-06	0	4.6	0	0	0	3
213	15	3.7998412	1.79352734	9.21301825e-05	8.97660877e-05	6.17029346e-05	0.000103929308	3.11038542e-05	1.42300665e-06	0	4.5	0	0	0	3
214	15	3.81817524	1.80194765	8.98939763e-05	9.02725097e-05	6.32359909e-05	0.000103929308	3.16029594e-05	1.42300665e-06	0	4.5	0	0	0	3
215	15	3.8366744	1.81036797	8.82126741e-05	9.07236012e-05	6.50897963e-05	0.000103929308	3.20107563e-05	1.42300665e-06	0	4.4	0	0	0	3
216	15	3.8553714	1.81878829	8.73065558e-05	9.11252625e-05	6.75796237e-05	0.000103929308	3.23222708e-05	1.42300665e-06	0	4.4	0	0	0	3
217	15	3.87429385	1.8272086	8.88334151e-05	9.15072779e-05	7.01327654e-05	0.000103929308	3.25696182e-05	1.42300665e-06	0	4.3	0	0	0	3
218	15	3.89328007	1.83562892	9.0898352e-05	9.18751538e-05	7.30024448e-05	0.000103929308	3.09268632e-05	1.42300665e-06	0	4.6	0	0	0	3
219	15	3.9120063	1.84404924	9.32605398e-05	9.22293035e-05	7.60597507e-05	0.000103929308	2.78695573e-05	1.42300665e-06	0	5.1	0	0	0	3
220	15	3.93049716	1.85246955	9.55762375e-05	9.25659788e-05	7.81239764e-05	0.000103929308	2.58053316e-05	1.42300665e-06	0	5.5	0	0	0	3
221	15	3.94879254	1.86088987	9.67927409e-05	9.28847661e-05	8.06555998e-05	0.000103929308	2.32737082e-05	1.42300665e-06	0	6.1	0	0	0	3
222	15	3.96692515	1.86931018	9.85421774e-05	9.31868658e-05	8.29201791e-05	0.000103929308	2.10091289e-05	1.42300665e-06	0	6.7	0	0	0	3
223	16	3.98493582	1.8777305	9.91848824e-05	9.34595171e-05	8.55843432e-05	0.000103929308	1.83449648e-05	1.42300665e-06	0	7.7	0	0	0	3
224	16	4.00286381	1.88615082	9.87809162e-05	9.3679647e-05	8.61898546e-05	0.000103929308	1.77394534e-05	1.42300665e-06	0	8	0	0	0	3
225	16	4.0207508	1.89457113	9.88078222e-05	9.38900296e-05	8.6604994e-05	0.000103929308	1.7324314e-05	1.42300665e-06	0	8.2	0	0	0	3
226	16	4.03866679	1.90299145	9.75826517e-05	9.40659464e-05	8.6604994e-05	0.000103929308	1.7324314e-05	1.42300665e-06	0	8.2	0	0	0	3
227	16	4.05664019	1.91141176	9.4735059e-05	9.41909249e-05	8.6604994e-05	0.000103929308	1.7324314e-05	1.42300665e-06	0	8.2	0	0	0	3
228	16	4.07470441	1.91983208	9.24999844e-05	9.42735402e-05	8.6604994e-05	0.000103929308	1.7324314e-05	1.42300665e-06	0	8.2	0	0	0	3
229	16	4.09289727	1.9282524	9.04206229e-05	9.43116892e-05	8.6604994e-05	0.000103929308	1.7324314e-05	1.42300665e-06	0	8.2	0	0	0	3
230	16	4.11125723	1.93667271	8.88910114e-05	9.4304694e-05	8.6604994e-05	0.000103929308	1.7324314e-05	1.42300665e-06	0	8.2	0	0	0	3
231	16	4.12981812	1.94509303	8.8140998e-05	9.42507719e-05	8.6604994e-05	0.000103929308	1.7324314e-05	1.42300665e-06	0	8.2	0	0	0	3
232	16	4.14860775	1.95351335	9.01939997e-05	9.41836576e-05	8.6604994e-05	0.000103929308	1.7324314e-05	1.42300665e-06	0	8.2	0	0	0	3
233	16	4.16761316	1.96193366	9.21219558e-05	9.41052632e-05	8.6604994e-05	0.000103929308	1.7324314e-05	1.42300665e-06	0	8.2	0	0	0	3
234	16	4.18635571	1.97035398	9.36574783e-05	9.39910109e-05	8.6604994e-05	0.000103929308	1.7324314e-05	1.42300665e-06	0	8.2	0	0	0	3
235	16	4.20486776	1.97877429	9.72410455e-05	9.39077403e-05	8.6604994e-05	0.000103929308	1.7324314e-05	1.42300665e-06	0	8.2	0	0	0	3
236	16	4.22318361	1.98719461	9.78766663e-05	9.38072745e-05	8.6604994e-05	0.000103929308	1.7324314e-05	1.42300665e-06	0	8.2	0	0	0	3
237	17	4.24133988	1.99561493	9.92051443e-05	9.3727626e-05	8.6604994e-05	0.000103929308	1.7324314e-05	1.42300665e-06	0	8.2	0	0	0	3
238	17	4.25937536	2.00403524	9.95234901e-05	9.36523599e-05	8.6604994e-05	0.000102680982	1.6075988e-05	1.42300665e-06	0	8.8	0	0	0	3
239	17	4.27733454	2.01245556	9.91202102e-05	9.35917456e-05	8.6604994e-05	0.000100553209	1.39482149e-05	1.42300665e-06	0	10.2	0	0	0	3
240	17	4.2952561	2.02087587	9.89070464e-05	9.35631095e-05	8.6604994e-05	9.95234901e-05	1.29184961e-05	1.42300665e-06	0	11	0	0	0	3
241	17	4.31321051	2.02929619	9.74297514e-05	9.35737912e-05	8.6604994e-05	9.95234901e-05	1.29184961e-05	1.42300665e-06	0	11	0	0	0	3
242	17	4.33123271	2.03771651	9.47706105e-05	9.35763519e-05	8.6604994e-05	9.95234901e-05	1.29184961e-05	1.42300665e-06	0	11	0	0	0	3
243	17	4.3493456	2.04613682	9.21990362e-05	9.35794343e-05	8.6604994e-05	9.95234901e-05	1.29184961e-05	1.42300665e-06	0	11	0	0	0	3
244	17	4.3675864	2.05455714	8.99199323e-05	9.35769875e-05	8.6604994e-05	9.95234901e-05	1.29184961e-05	1.42300665e-06	0	11	0	0	0	3
245	17	4.38599252	2.06297746	8.84515186e-05	9.35710142e-05	8.6604994e-05	9.95234901e-05	1.29184961e-05	1.42300665e-06	0	11	0	0	0	3
246	17	4.40459664	2.07139777	8.74050074e-05	9.3558889e-05	8.6604994e-05	9.95234901e-05	1.29184961e-05	1.42300665e-06	0	11	0	0	0	3
247	17	4.42342593	2.07981809	8.82012938e-05	9.3541017e-05	8.6604994e-05	9.95234901e-05	1.29184961e-05	1.42300665e-06	0	11	0	0	0	3
248	17	4.44241438	2.0882384	9.090662e-05	9.35370147e-05	8.6604994e-05	9.95234901e-05	1.29184961e-05	1.42300665e-06	0	11	0	0	0	3
249	17	4.46115569	2.09665872	9.33568187e-05	9.35424243e-05	8.6604994e-05	9.95234901e-05	1.29184961e-05	1.42300665e-06	0	11	0	0	0	3
250	17	4.47967087	2.10507904	9.55083997e-05	9.35599851e-05	8.6604994e-05	9.95234901e-05	1.29184961e-05	1.42300665e-06	0	11	0	0	0	3
251	18	4.49799624	2.11349935	9.69906125e-05	9.3586341e-05	8.6604994e-05	9.95234901e-05	1.29184961e-05	1.42300665e-06	0	11	0	0	0	3
252	18	4.516167	2.12191967	9.81883424e-05	9.36171257e-05	8.6604994e-05	9.95234901e-05	1.29184961e-05	1.42300665e-06	0	11	0	0	0	3
253	18	4.5342216	2.13033998	9.88219522e-05	9.36599104e-05	8.6604994e-05	9.95234901e-05	1.29184961e-05	1.42300665e-06	0	11	0	0	0	3
254	18	4.55220295	2.1387603	9.84763254e-05	9.36885434e-05	8.6604994e-05	9.95234901e-05	1.29184961e-05	1.42300665e-06	0	11	0	0	0	3
255	18	4.57014935	2.14718062	9.84278118e-05	9.37333087e-05	8.6604994e-05	9.95234901e-05	1.29184961e-05	1.42300665e-06	0	11	0	0	0	3
256	18	4.58813059	2.15560093	9.70167328e-05	9.37809195e-05	8.6604994e-05	9.95234901e-05	1.29184961e-05	1.42300665e-06	0	11	0	0	0	3
257	18	4.60617551	2.16402125	9.48954624e-05	9.38344684e-05	8.6604994e-05	9.95234901e-05	1.29184961e-05	1.42300665e-06	0	11	0	0	0	3
258	18	4.62431067	2.17244157	9.23574181e-05	9.38839322e-05	8.6604994e-05	9.95234901e-05	1.25737903e-05	1.42300665e-06	0	11.3	0	0	0	3
259	18	4.64257518	2.18086188	9.01389518e-05	9.39171441e-05	8.6604994e-05	9.95234901e-05	1.21066223e-05	1.42300665e-06	0	11.7	0	0	0	3
260	18	4.66100626	2.1892822	8.88098994e-05	9.3954256e-05	8.6604994e-05	9.95234901e-05	1.16512519e-05	1.42300665e-06	0	12.2	0	0	0	3
261	18	4.67963668	2.19770251	8.77528669e-05	9.39738505e-05	8.73065558e-05	9.95234901e-05	1.11708991e-05	1.42300665e-06	0	12.7	0	0	0	3
262	18	4.69849412	2.20612283	8.92506253e-05	9.39865069e-05	8.73065558e-05	9.95234901e-05	1.06625318e-05	1.42300665e-06	0	13.3	0	0	0	3
263	18	4.71748084	2.21454315	9.15940883e-05	9.40037515e-05	8.73065558e-05	9.95234901e-05	1.0119786e-05	1.42300665e-06	0	14	0	0	0	3
264	18	4.73621421	2.22296346	9.33831328e-05	9.40120591e-05	8.73065558e-05	9.95234901e-05	9.55112986e-06	1.42300665e-06	0	14.8	0	0	0	3
265	18	4.75472391	2.23138378	9.6615448e-05	9.40554449e-05	8.73065558e-05	9.95234901e-05	8.95066106e-06	1.42300665e-06	0	15.8	0	0	0	3
266	18	4.77303565	2.23980409	9.78016767e-05	9.40806206e-05	8.73065558e-05	9.95234901e-05	8.32332426e-06	1.42300665e-06	0	17	0	0	0	3
267	18	4.79118961	2.24822441	9.87080161e-05	9.41058828e-05	8.73065558e-05	9.95234901e-05	7.67197407e-06	1.42300665e-06	0	18.5	0	0	0	3
268	19	4.80922521	2.25664473	9.93061488e-05	9.41312228e-05	8.73065558e-05	9.95234901e-05	7.01708373e-06	1.42300665e-06	0	20.2	0	0	0	3
269	19	4.82718224	2.26506504	9.88826378e-05	9.41511217e-05	8.73065558e-05	9.95234901e-05	6.3568458e-06	1.42300665e-06	0	22.3	0	0	0	3
270	19	4.84509993	2.27348536	9.87071678e-05	9.4170149e-05	8.73065558e-05	9.95234901e-05	5.71603733e-06	1.42300665e-06	0	24.8	0	0	0	3
271	19	4.86304921	2.28190568	9.72090221e-05	9.41876175e-05	8.73065558e-05	9.95234901e-05	5.10651067e-06	1.42300665e-06	0	27.8	0	0	0	3
272	19	4.88106073	2.29032599	9.44805443e-05	9.41890907e-05	8.73065558e-05	9.95234901e-05	4.54560146e-06	1.42300665e-06	0	31.3	0	0	0	3
273	19	4.89916336	2.29874631	9.21379493e-05	9.41894123e-05	8.73065558e-05	9.95234901e-05	4.0391795e-06	1.42300665e-06	0	35.2	0	0	0	3
274	19	4.91739458	2.30716662	8.99714633e-05	9.41910993e-05	8.73065558e-05	9.95234901e-05	3.58808801e-06	1.42300665e-06	0	39.6	0	0	0	3
275	19	4.93579287	2.31558694	8.85000278e-05	9.4196458e-05	8.73065558e-05	9.95234901e-05	3.1864267e-06	1.42300665e-06	0	44.6	0	0	0	3
276	19	4.95439186	2.32400726	8.78385879e-05	9.42060762e-05	8.74050074e-05	9.95234901e-05	2.80441128e-06	1.42300665e-06	0	50.7	0	0	0	3
277	19	4.97321869	2.33242757	8.94565057e-05	9.42172185e-05	8.74050074e-05	9.95234901e-05	2.43653535e-06	1.42300665e-06	0	58.4	0	0	0	3
278	19	4.99220348	2.34084789	9.1751106e-05	9.42319548e-05	8.74050074e-05	9.95234901e-05	2.08238562e-06	1.42300665e-06	0	68.3	0	0	0	3
279	19	5.01093127	2.3492682	9.33191873e-05	9.42329529e-05	8.74050074e-05	9.95234901e-05	1.74571041e-06	1.42300665e-06	0	81.5	0	0	0	3
280	19	5.02943002	2.35768852	9.6933968e-05	9.42558177e-05	8.74050074e-05	9.95234901e-05	1.42692302e-06	1.42300665e-06	0	99.7	0	0	0	3
281	19	5.04773125	2.36610884	9.77832405e-05	9.42723266e-05	8.74050074e-05	9.95234901e-05	1.12482336e-06	1.42300665e-06	0	100	0	0	0	3
