Iteration	CPUTime	PhysTime	Travels	Value	AvValue	MinValue	MaxValue	Delta	Criteria	Progress	dGMaxMin	CriteriaType	CriteriaVarType	CriteriaPercentage
1	1	0.00233605447	0.00798724083	0.000121898352	0.000121898352	0.000121898352	0.000121898352	0	0	0	0	0	0	0	3
2	1	0.0040212357	0.0159744817	3.30287464e-05	8.46557227e-05	3.30287464e-05	0.000121898352	3.72426296e-05	0	0	0	0	0	0	3
3	1	0.00572143262	0.0239617225	2.96349894e-05	6.83056077e-05	2.96349894e-05	0.000121898352	5.35927446e-05	0	0	0	0	0	0	3
4	1	0.00743127207	0.0319489633	3.05250147e-05	5.96127826e-05	2.96349894e-05	0.000121898352	6.22855697e-05	0	0	0	0	0	0	3
5	1	0.00918405604	0.0399362042	3.00287243e-05	5.39666429e-05	2.96349894e-05	0.000121898352	6.79317094e-05	0	0	0	0	0	0	3
6	1	0.0120951263	0.047923445	2.92508772e-05	4.80180213e-05	2.92508772e-05	0.000121898352	7.3880331e-05	0	0	0	0	0	0	3
7	1	0.0153634982	0.0559106858	2.87354833e-05	4.39159278e-05	2.87354833e-05	0.000121898352	7.79824245e-05	0	0	0	0	0	0	3
8	1	0.0187480498	0.0638979267	2.84960898e-05	4.11322123e-05	2.84960898e-05	0.000121898352	8.076614e-05	0	0	0	0	0	0	3
9	1	0.0221568936	0.0718851675	2.85737139e-05	3.9200084e-05	2.84960898e-05	0.000121898352	8.26982683e-05	0	0	0	0	0	0	3
10	1	0.0255767543	0.0798724083	2.82490316e-05	3.77358219e-05	2.82490316e-05	0.000121898352	8.41625304e-05	0	0	0	0	0	0	3
11	1	0.0307205079	0.0878596492	3.57153114e-05	3.73975134e-05	2.82490316e-05	0.000121898352	8.45008389e-05	0	0	0	0	0	0	3
12	1	0.0358429478	0.09584689	3.47882053e-05	3.70246082e-05	2.82490316e-05	0.000121898352	8.48737441e-05	0	0	0	0	0	0	3
13	1	0.0410064468	0.103834131	3.35576249e-05	3.65880484e-05	2.82490316e-05	0.000121898352	8.53103039e-05	0	0	0	0	0	0	3
14	2	0.0461841657	0.111821372	3.42362562e-05	3.63243884e-05	2.82490316e-05	0.000121898352	8.55739639e-05	0	0	0	0	0	0	3
15	2	0.0513605044	0.119808613	3.24873505e-05	3.59376747e-05	2.82490316e-05	0.000121898352	8.59606776e-05	0	0	0	0	0	0	3
16	2	0.0591551887	0.127795853	3.34433882e-05	3.56090108e-05	2.82490316e-05	0.000121898352	8.62893415e-05	0	0	0	0	0	0	3
17	2	0.0669580815	0.135783094	3.57379145e-05	3.56240325e-05	2.82490316e-05	0.000121898352	8.62893415e-05	0	0	0	0	0	0	3
18	2	0.0747691761	0.143770335	3.4855295e-05	3.55437229e-05	2.82490316e-05	0.000121898352	8.63546294e-05	0	0	0	0	0	0	3
19	2	0.0825896567	0.151757576	3.50789442e-05	3.54997126e-05	2.82490316e-05	0.000121898352	8.63986397e-05	0	0	0	0	0	0	3
20	2	0.0904215795	0.159744817	3.48148613e-05	3.54403938e-05	2.82490316e-05	0.000121898352	8.64579585e-05	0	0	0	0	0	0	3
21	2	0.102189972	0.167732058	3.46107704e-05	3.53448528e-05	2.82490316e-05	0.000121898352	8.65534995e-05	0	0	0	0	0	0	3
22	2	0.113990562	0.175719298	3.46001678e-05	3.52677611e-05	2.82490316e-05	0.000121898352	8.66305912e-05	0	0	0	0	0	0	3
23	2	0.125801087	0.183706539	3.73326191e-05	3.54616152e-05	2.82490316e-05	0.000121898352	8.66305912e-05	0	0	0	0	0	0	3
24	2	0.137614949	0.19169378	3.72527621e-05	3.56153802e-05	2.82490316e-05	0.000121898352	8.66305912e-05	0	0	0	0	0	0	3
25	2	0.1494289	0.199681021	3.77341452e-05	3.57828912e-05	2.82490316e-05	0.000121898352	8.66305912e-05	0	0	0	0	0	0	3
26	2	0.167144735	0.207668262	3.8366028e-05	3.60566804e-05	2.82490316e-05	0.000121898352	8.66305912e-05	0	0	0	0	0	0	3
27	2	0.184861205	0.215655503	3.87457777e-05	3.63143944e-05	2.82490316e-05	0.000121898352	8.66305912e-05	0	0	0	0	0	0	3
28	2	0.202578429	0.223642743	3.92881943e-05	3.65744787e-05	2.82490316e-05	0.000121898352	8.66305912e-05	0	0	0	0	0	0	3
29	2	0.220299931	0.231629984	3.90936357e-05	3.67771263e-05	2.82490316e-05	0.000121898352	8.66305912e-05	0	0	0	0	0	0	3
30	2	0.238025586	0.239617225	3.98234827e-05	3.7003987e-05	2.82490316e-05	0.000121898352	8.66305912e-05	0	0	0	0	0	0	3
31	2	0.261379382	0.247604466	4.04602071e-05	3.73127943e-05	2.82490316e-05	0.000121898352	8.66305912e-05	0	0	0	0	0	0	3
32	3	0.284751235	0.255591707	4.11295406e-05	3.76260658e-05	2.82490316e-05	0.000121898352	8.66305912e-05	0	0	0	0	0	0	3
33	3	0.308141037	0.263578948	4.09152443e-05	3.78757347e-05	2.82490316e-05	0.000121898352	8.66305912e-05	0	0	0	0	0	0	3
34	3	0.331544286	0.271566188	4.1822646e-05	3.81543417e-05	2.82490316e-05	0.000121898352	8.66305912e-05	0	0	0	0	0	0	3
35	3	0.35496548	0.279553429	4.31390865e-05	3.84832431e-05	2.82490316e-05	0.000121898352	8.66305912e-05	0	0	0	0	0	0	3
36	3	0.378407031	0.28754067	4.34625419e-05	3.87917006e-05	2.82490316e-05	0.000121898352	8.66305912e-05	0	0	0	0	0	0	3
37	3	0.401867325	0.295527911	4.34326947e-05	3.90626335e-05	2.82490316e-05	0.000121898352	8.66305912e-05	0	0	0	0	0	0	3
38	3	0.425339543	0.303515152	4.38044575e-05	3.93243095e-05	2.82490316e-05	0.000121898352	8.66305912e-05	0	0	0	0	0	0	3
39	3	0.448824144	0.311502393	4.46086447e-05	3.96008109e-05	2.82490316e-05	0.000121898352	8.66305912e-05	0	0	0	0	0	0	3
40	3	0.472322583	0.319489633	4.47835217e-05	3.9858655e-05	2.82490316e-05	0.000121898352	8.66305912e-05	0	0	0	0	0	0	3
41	3	0.495839073	0.327476874	4.45847309e-05	4.00828018e-05	2.82490316e-05	0.000121898352	8.66305912e-05	0	0	0	0	0	0	3
42	3	0.519362501	0.335464115	4.52592833e-05	4.03172596e-05	2.82490316e-05	0.000121898352	8.66305912e-05	0	0	0	0	0	0	3
43	3	0.542891149	0.343451356	4.5682191e-05	4.05497732e-05	2.82490316e-05	0.000121898352	8.66305912e-05	0	0	0	0	0	0	3
44	3	0.566431503	0.351438597	4.5485247e-05	4.07548868e-05	2.82490316e-05	0.000121898352	8.66305912e-05	0	0	0	0	0	0	3
45	3	0.589983471	0.359425838	4.55389717e-05	4.09458661e-05	2.82490316e-05	0.000121898352	8.66305912e-05	0	0	0	0	0	0	3
46	3	0.613546021	0.367413078	4.57399545e-05	4.11299777e-05	2.82490316e-05	0.000121898352	8.66305912e-05	0	0	0	0	0	0	3
47	3	0.637114559	0.375400319	4.52967721e-05	4.12841183e-05	2.82490316e-05	0.000121898352	8.66305912e-05	0	0	0	0	0	0	3
48	4	0.660694066	0.38338756	4.5505889e-05	4.14347891e-05	2.82490316e-05	0.000121898352	8.66305912e-05	0	0	0	0	0	0	3
49	4	0.684283635	0.391374801	4.60219867e-05	4.15929253e-05	2.82490316e-05	0.000121898352	8.66305912e-05	0	0	0	0	0	0	3
50	4	0.70788016	0.399362042	4.57553366e-05	4.17316754e-05	2.82490316e-05	0.000121898352	8.66305912e-05	0	0	0	0	0	0	3
51	4	0.7314811	0.407349283	4.50665e-05	4.18392722e-05	2.82490316e-05	0.000121898352	8.66305912e-05	0	0	0	0	0	0	3
52	4	0.755088193	0.415336523	4.53574532e-05	4.19492646e-05	2.82490316e-05	0.000121898352	8.66305912e-05	0	0	0	0	0	0	3
53	4	0.778703815	0.423323764	4.54541667e-05	4.20555572e-05	2.82490316e-05	0.000121898352	8.66305912e-05	0	0	0	0	0	0	3
54	4	0.802326082	0.431311005	4.51360341e-05	4.21462533e-05	2.82490316e-05	0.000121898352	8.66305912e-05	0	0	0	0	0	0	3
55	4	0.825951092	0.439298246	4.46848009e-05	4.22188644e-05	2.82490316e-05	0.000121898352	8.66305912e-05	0	0	0	0	0	0	3
56	4	0.849580732	0.447285487	4.51100271e-05	4.22992772e-05	2.82490316e-05	0.000121898352	8.66305912e-05	0	0	0	0	0	0	3
57	4	0.873222098	0.455272728	4.47817828e-05	4.23664878e-05	2.82490316e-05	0.000121898352	8.66305912e-05	0	0	0	0	0	0	3
58	4	0.896862577	0.463259968	4.44634413e-05	4.24217616e-05	2.82490316e-05	0.000121898352	8.66305912e-05	0	0	0	0	0	0	3
59	4	0.920507652	0.471247209	4.46057132e-05	4.24778608e-05	2.82490316e-05	0.000121898352	8.66305912e-05	0	0	0	0	0	0	3
60	4	0.944162445	0.47923445	4.52333476e-05	4.2546896e-05	2.82490316e-05	0.000121898352	8.66305912e-05	0	0	0	0	0	0	3
61	4	0.967821058	0.487221691	4.42213444e-05	4.25878283e-05	2.82490316e-05	0.000121898352	8.66305912e-05	0	0	0	0	0	0	3
62	4	0.991479633	0.495208932	4.41742058e-05	4.26256822e-05	2.82490316e-05	0.000121898352	8.66305912e-05	0	0	0	0	0	0	3
63	4	1.01514476	0.503196173	4.47165571e-05	4.26744249e-05	2.82490316e-05	0.000121898352	8.66305912e-05	0	0	0	0	0	0	3
64	5	1.03882064	0.511183413	4.47053246e-05	4.25422588e-05	2.82490316e-05	4.60219867e-05	1.77729551e-05	0	0	0	0	0	0	3
65	5	1.06250175	0.519170654	4.3819826e-05	4.25859877e-05	2.82490316e-05	4.60219867e-05	1.77729551e-05	0	0	0	0	0	0	3
66	5	1.08618688	0.527157895	4.41133724e-05	4.26398493e-05	2.82490316e-05	4.60219867e-05	1.77729551e-05	0	0	0	0	0	0	3
67	5	1.10988046	0.535145136	4.45117093e-05	4.26988683e-05	2.82490316e-05	4.60219867e-05	1.77729551e-05	0	0	0	0	0	0	3
68	5	1.13357741	0.543132377	4.38120183e-05	4.27420794e-05	2.82490316e-05	4.60219867e-05	1.27502602e-05	0	0	0	0	0	0	3
69	5	1.15727581	0.551119618	4.38883518e-05	4.28000953e-05	2.82490316e-05	4.60219867e-05	8.64816669e-06	0	0	0	0	0	0	3
70	5	1.1809838	0.559106858	4.37994403e-05	4.28598582e-05	2.82490316e-05	4.60219867e-05	7.59209708e-06	0	0	0	0	0	0	3
71	5	1.20469741	0.567094099	4.38964225e-05	4.29215772e-05	2.82490316e-05	4.60219867e-05	7.65381607e-06	0	0	0	0	0	0	3
72	5	1.22841141	0.57508134	4.45176953e-05	4.29935023e-05	2.82490316e-05	4.60219867e-05	7.72574116e-06	0	0	0	0	0	0	3
73	5	1.25213892	0.583068581	4.35357076e-05	4.30451012e-05	3.24873505e-05	4.60219867e-05	7.77734003e-06	0	0	0	0	0	0	3
74	5	1.27587343	0.591055822	4.32567802e-05	4.30794156e-05	3.24873505e-05	4.60219867e-05	7.81165447e-06	0	0	0	0	0	0	3
75	5	1.29961299	0.599043063	4.37101972e-05	4.31248714e-05	3.24873505e-05	4.60219867e-05	7.85711029e-06	0	0	0	0	0	0	3
76	5	1.32336293	0.607030303	4.32990601e-05	4.31666207e-05	3.24873505e-05	4.60219867e-05	7.89885955e-06	0	0	0	0	0	0	3
77	5	1.34712229	0.615017544	4.24292969e-05	4.31886975e-05	3.24873505e-05	4.60219867e-05	7.92093637e-06	0	0	0	0	0	0	3
78	5	1.37088747	0.623004785	4.32568274e-05	4.32319046e-05	3.34433882e-05	4.60219867e-05	7.96414346e-06	0	0	0	0	0	0	3
79	5	1.3946719	0.630992026	4.35000932e-05	4.3293811e-05	3.46001678e-05	4.60219867e-05	8.02604991e-06	0	0	0	0	0	0	3
80	5	1.41847321	0.638979267	4.297991e-05	4.33319065e-05	3.46001678e-05	4.60219867e-05	8.06414538e-06	0	0	0	0	0	0	3
81	6	1.4422841	0.646966508	4.27717528e-05	4.33705707e-05	3.46001678e-05	4.60219867e-05	8.10280957e-06	0	0	0	0	0	0	3
82	6	1.4661114	0.654953748	4.27874946e-05	4.3407398e-05	3.46001678e-05	4.60219867e-05	8.13963687e-06	0	0	0	0	0	0	3
83	6	1.48995328	0.662940989	4.29280464e-05	4.34473167e-05	3.46001678e-05	4.60219867e-05	8.17955554e-06	0	0	0	0	0	0	3
84	6	1.51381689	0.67092823	4.23175194e-05	4.35018855e-05	3.46001678e-05	4.60219867e-05	8.23412442e-06	0	0	0	0	0	0	3
85	6	1.53767853	0.678915471	4.20903824e-05	4.35520122e-05	3.72527621e-05	4.60219867e-05	8.09039699e-06	0	0	0	0	0	0	3
86	6	1.56153202	0.686902712	4.31088107e-05	4.35958104e-05	3.72527621e-05	4.60219867e-05	7.98043018e-06	0	0	0	0	0	0	3
87	6	1.5853891	0.694889953	4.31417145e-05	4.3640087e-05	3.77341452e-05	4.60219867e-05	7.85719575e-06	0	0	0	0	0	0	3
88	6	1.60924878	0.702877193	4.21989591e-05	4.36643281e-05	3.8366028e-05	4.60219867e-05	7.60764766e-06	0	0	0	0	0	0	3
89	6	1.6331019	0.710864434	4.22895114e-05	4.3705987e-05	3.87457777e-05	4.60219867e-05	7.27620897e-06	0	0	0	0	0	0	3
90	6	1.65695079	0.718851675	4.27101792e-05	4.37495499e-05	3.90936357e-05	4.60219867e-05	6.92835105e-06	0	0	0	0	0	0	3
91	6	1.68080022	0.726838916	4.32771639e-05	4.37954e-05	3.90936357e-05	4.60219867e-05	6.92835105e-06	0	0	0	0	0	0	3
92	6	1.70466166	0.734826157	4.20188443e-05	4.38229749e-05	3.98234827e-05	4.60219867e-05	6.19850403e-06	0	0	0	0	0	0	3
93	6	1.7285219	0.742813398	4.18725582e-05	4.38393159e-05	4.04602071e-05	4.60219867e-05	5.56177956e-06	0	0	0	0	0	0	3
94	6	1.75238539	0.750800638	4.22973792e-05	4.38675647e-05	4.09152443e-05	4.60219867e-05	5.10674245e-06	0	0	0	0	0	0	3
95	6	1.77626305	0.758787879	4.17471495e-05	4.38765235e-05	4.09152443e-05	4.60219867e-05	5.10674245e-06	0	0	0	0	0	0	3
96	6	1.80015866	0.76677512	4.17321226e-05	4.38886024e-05	4.17321226e-05	4.60219867e-05	4.28986407e-06	0	0	0	0	0	0	3
97	7	1.82406117	0.774762361	4.16915141e-05	4.38858113e-05	4.16915141e-05	4.60219867e-05	4.3304726e-06	0	0	0	0	0	0	3
98	7	1.84798019	0.782749602	4.16705438e-05	4.38620353e-05	4.16705438e-05	4.60219867e-05	4.35144289e-06	0	0	0	0	0	0	3
99	7	1.87192842	0.790736843	4.10191513e-05	4.38227206e-05	4.10191513e-05	4.60219867e-05	4.82596885e-06	0	0	0	0	0	0	3
100	7	1.89589023	0.798724083	4.13866986e-05	4.37897751e-05	4.10191513e-05	4.60219867e-05	4.5642929e-06	0	0	0	0	0	0	3
101	7	1.91985788	0.806711324	4.12486409e-05	4.37487922e-05	4.10191513e-05	4.60219867e-05	4.28779151e-06	0	0	0	0	0	0	3
102	7	1.94380463	0.814698565	4.11794562e-05	4.3694129e-05	4.10191513e-05	4.60219867e-05	4.02994735e-06	0	0	0	0	0	0	3
103	7	1.96773185	0.822685806	4.13360873e-05	4.36392808e-05	4.10191513e-05	4.60219867e-05	3.8058006e-06	0	0	0	0	0	0	3
104	7	1.99165295	0.830673047	4.13873152e-05	4.35884034e-05	4.10191513e-05	4.60219867e-05	3.5713428e-06	0	0	0	0	0	0	3
105	7	2.01556808	0.838660288	4.10469036e-05	4.35215108e-05	4.10191513e-05	4.60219867e-05	3.33882919e-06	0	0	0	0	0	0	3
106	7	2.03946582	0.846647528	4.1009326e-05	4.3447426e-05	4.1009326e-05	4.60219867e-05	3.13371559e-06	0	0	0	0	0	0	3
107	7	2.06335143	0.854634769	4.12816927e-05	4.33808219e-05	4.1009326e-05	4.60219867e-05	2.94273632e-06	0	0	0	0	0	0	3
108	7	2.08723907	0.86262201	4.10889654e-05	4.33103091e-05	4.1009326e-05	4.60219867e-05	2.7586247e-06	0	0	0	0	0	0	3
109	7	2.11113256	0.870609251	4.11524131e-05	4.32376534e-05	4.1009326e-05	4.60219867e-05	2.60448405e-06	0	0	0	0	0	0	3
110	7	2.1350236	0.878596492	4.19165433e-05	4.31841834e-05	4.1009326e-05	4.60219867e-05	2.4538133e-06	0	0	0	0	0	0	3
111	7	2.15892174	0.886583733	4.16171771e-05	4.31226486e-05	4.1009326e-05	4.60219867e-05	2.2956771e-06	0	0	0	0	0	0	3
112	8	2.18284465	0.894570973	4.07801553e-05	4.30396133e-05	4.07801553e-05	4.57553366e-05	2.15692701e-06	0	0	0	0	0	0	3
113	8	2.20677944	0.902558214	4.10154776e-05	4.2964539e-05	4.07801553e-05	4.54541667e-05	2.04933024e-06	0	0	0	0	0	0	3
114	8	2.23073305	0.910545455	4.18187718e-05	4.29131443e-05	4.07801553e-05	4.54541667e-05	1.93933776e-06	0	0	0	0	0	0	3
115	8	2.25472638	0.918532696	4.11486376e-05	4.28464353e-05	4.07801553e-05	4.54541667e-05	1.83304517e-06	0	0	0	0	0	0	3
116	8	2.27875915	0.926519937	4.09746705e-05	4.27753933e-05	4.07801553e-05	4.52333476e-05	1.74234907e-06	0	0	0	0	0	0	3
117	8	2.30279982	0.934507178	4.13639705e-05	4.27156154e-05	4.07801553e-05	4.52333476e-05	1.66973798e-06	0	0	0	0	0	0	3
118	8	2.32681531	0.942494418	4.08925458e-05	4.26554474e-05	4.07801553e-05	4.52333476e-05	1.58932521e-06	0	0	0	0	0	0	3
119	8	2.35079077	0.950481659	4.14371268e-05	4.25973538e-05	4.07801553e-05	4.52333476e-05	1.52211456e-06	0	0	0	0	0	0	3
120	8	2.37473207	0.9584689	4.11308917e-05	4.25395774e-05	4.07801553e-05	4.52333476e-05	1.46684079e-06	0	0	0	0	0	0	3
121	8	2.39864747	0.966456141	4.06836484e-05	4.24797377e-05	4.06836484e-05	4.52333476e-05	1.41074163e-06	0	0	0	0	0	0	3
122	8	2.42252982	0.974443382	4.20430141e-05	4.24393263e-05	4.06836484e-05	4.52333476e-05	1.44927609e-06	0	0	0	0	0	0	3
123	8	2.44639466	0.982430623	4.17822441e-05	4.23848919e-05	4.06836484e-05	4.47165571e-05	1.50371052e-06	0	0	0	0	0	0	3
124	8	2.47024285	0.990417863	4.06471058e-05	4.23283891e-05	4.06471058e-05	4.47165571e-05	1.56021328e-06	0	0	0	0	0	0	3
125	8	2.49407585	0.998405104	4.17501782e-05	4.22901554e-05	4.06471058e-05	4.47165571e-05	1.59844703e-06	0	0	0	0	0	0	3
126	8	2.51790533	1.00639235	4.23884113e-05	4.2253503e-05	4.06471058e-05	4.47053246e-05	1.63509938e-06	5.33188654e-07	0	32.6	0	0	0	3
127	8	2.54174442	1.01437959	4.08790972e-05	4.21930784e-05	4.06471058e-05	4.45176953e-05	1.69552403e-06	5.33188654e-07	0	31.4	0	0	0	3
128	9	2.56559369	1.02236683	4.13446188e-05	4.21539867e-05	4.06471058e-05	4.45176953e-05	1.73461566e-06	5.33188654e-07	0	30.7	0	0	0	3
129	9	2.58946556	1.03035407	4.23388411e-05	4.21260508e-05	4.06471058e-05	4.45176953e-05	1.76255159e-06	5.33188654e-07	0	30.2	0	0	0	3
130	9	2.61337097	1.03834131	4.07282953e-05	4.20662309e-05	4.06471058e-05	4.45176953e-05	1.82237153e-06	5.33188654e-07	0	29.2	0	0	0	3
131	9	2.63730694	1.04632855	4.12596806e-05	4.20258809e-05	4.06471058e-05	4.45176953e-05	1.86272148e-06	5.33188654e-07	0	28.6	0	0	0	3
132	9	2.66128346	1.05431579	4.2514169e-05	4.20043184e-05	4.06471058e-05	4.45176953e-05	1.88428395e-06	5.33188654e-07	0	28.2	0	0	0	3
133	9	2.68531674	1.06230303	4.1342753e-05	4.19654585e-05	4.06471058e-05	4.45176953e-05	1.92314391e-06	5.33188654e-07	0	27.7	0	0	0	3
134	9	2.70937853	1.07029027	4.18928589e-05	4.19338657e-05	4.06471058e-05	4.45176953e-05	1.95473666e-06	5.33188654e-07	0	27.2	0	0	0	3
135	9	2.7333939	1.07827751	4.36134715e-05	4.19199542e-05	4.06471058e-05	4.37101972e-05	1.96864818e-06	5.33188654e-07	0	27	0	0	0	3
136	9	2.75736692	1.08626475	4.23640407e-05	4.19015572e-05	4.06471058e-05	4.37101972e-05	1.9870452e-06	5.33188654e-07	0	26.8	0	0	0	3
137	9	2.78128916	1.09425199	4.24509696e-05	4.18889212e-05	4.06471058e-05	4.37101972e-05	1.99968116e-06	5.33188654e-07	0	26.6	0	0	0	3
138	9	2.8051733	1.10223924	4.3883794e-05	4.18918501e-05	4.06471058e-05	4.3883794e-05	1.99968116e-06	5.33188654e-07	0	26.6	0	0	0	3
139	9	2.82903329	1.11022648	4.36128387e-05	4.18969253e-05	4.06471058e-05	4.3883794e-05	1.99968116e-06	5.33188654e-07	0	26.6	0	0	0	3
140	9	2.85287083	1.11821372	4.28516793e-05	4.19036397e-05	4.06471058e-05	4.3883794e-05	1.99968116e-06	5.33188654e-07	0	26.6	0	0	0	3
141	9	2.87669393	1.12620096	4.36497507e-05	4.19099081e-05	4.06471058e-05	4.3883794e-05	1.99968116e-06	5.33188654e-07	0	26.6	0	0	0	3
142	9	2.90051706	1.1341882	4.47753973e-05	4.19301248e-05	4.06471058e-05	4.47753973e-05	1.99968116e-06	5.33188654e-07	0	26.6	0	0	0	3
143	10	2.92435293	1.14217544	4.3541235e-05	4.19390339e-05	4.06471058e-05	4.47753973e-05	1.99968116e-06	5.33188654e-07	0	26.6	0	0	0	3
144	10	2.94820162	1.15016268	4.39666584e-05	4.19579781e-05	4.06471058e-05	4.47753973e-05	1.99968116e-06	5.33188654e-07	0	26.6	0	0	0	3
145	10	2.97207404	1.15814992	4.54943925e-05	4.20009125e-05	4.06471058e-05	4.54943925e-05	1.99968116e-06	5.33188654e-07	0	26.6	0	0	0	3
146	10	2.99598106	1.16613716	4.46143157e-05	4.20277208e-05	4.06471058e-05	4.54943925e-05	1.99968116e-06	5.33188654e-07	0	26.6	0	0	0	3
147	10	3.01991021	1.1741244	4.46574865e-05	4.20649114e-05	4.06471058e-05	4.54943925e-05	1.99968116e-06	5.33188654e-07	0	26.6	0	0	0	3
148	10	3.04386171	1.18211164	4.64418566e-05	4.21341105e-05	4.06471058e-05	4.64418566e-05	1.99968116e-06	5.33188654e-07	0	26.6	0	0	0	3
149	10	3.06783868	1.19009888	4.64904286e-05	4.21880181e-05	4.06471058e-05	4.64904286e-05	1.99968116e-06	5.33188654e-07	0	26.6	0	0	0	3
150	10	3.0917968	1.19808613	4.57096095e-05	4.22289222e-05	4.06471058e-05	4.64904286e-05	1.99968116e-06	5.33188654e-07	0	26.6	0	0	0	3
151	10	3.11572571	1.20607337	4.58067082e-05	4.22862264e-05	4.06471058e-05	4.64904286e-05	1.99968116e-06	5.33188654e-07	0	26.6	0	0	0	3
152	10	3.13963617	1.21406061	4.67349744e-05	4.23567812e-05	4.06471058e-05	4.67349744e-05	1.99968116e-06	5.33188654e-07	0	26.6	0	0	0	3
153	10	3.16354492	1.22204785	4.65607274e-05	4.24179012e-05	4.06471058e-05	4.67349744e-05	1.99968116e-06	5.33188654e-07	0	26.6	0	0	0	3
154	10	3.18745505	1.23003509	4.58204673e-05	4.24582972e-05	4.06471058e-05	4.67349744e-05	1.99968116e-06	5.33188654e-07	0	26.6	0	0	0	3
155	10	3.21137029	1.23802233	4.61786931e-05	4.25243087e-05	4.06471058e-05	4.67349744e-05	1.99968116e-06	5.33188654e-07	0	26.6	0	0	0	3
156	10	3.23526566	1.24600957	4.75098179e-05	4.26136945e-05	4.06471058e-05	4.75098179e-05	1.99968116e-06	5.33188654e-07	0	26.6	0	0	0	3
157	10	3.25913507	1.25399681	4.7008246e-05	4.26883212e-05	4.06471058e-05	4.75098179e-05	1.99968116e-06	5.33188654e-07	0	26.6	0	0	0	3
158	10	3.28297461	1.26198405	4.71261058e-05	4.27734521e-05	4.06471058e-05	4.75098179e-05	1.99968116e-06	5.33188654e-07	0	26.6	0	0	0	3
159	11	3.3067844	1.26997129	4.76395297e-05	4.28668685e-05	4.06471058e-05	4.76395297e-05	1.99689002e-06	5.33188654e-07	0	26.7	0	0	0	3
160	11	3.33057352	1.27795853	4.795372e-05	4.29658426e-05	4.06471058e-05	4.795372e-05	1.97311406e-06	5.33188654e-07	0	27	0	0	0	3
161	11	3.35435235	1.28594577	4.76155571e-05	4.30598081e-05	4.06471058e-05	4.795372e-05	1.9337994e-06	5.33188654e-07	0	27.5	0	0	0	3
162	11	3.37813169	1.29393302	4.73865745e-05	4.31605632e-05	4.06471058e-05	4.795372e-05	1.90085387e-06	5.33188654e-07	0	28	0	0	0	3
163	11	3.40191485	1.30192026	4.838582e-05	4.32713039e-05	4.06471058e-05	4.838582e-05	1.85987101e-06	5.33188654e-07	0	28.6	0	0	0	3
164	11	3.42571949	1.3099075	4.74862832e-05	4.33701274e-05	4.06471058e-05	4.838582e-05	1.80520772e-06	5.33188654e-07	0	29.5	0	0	0	3
165	11	3.4495471	1.31789474	4.73946622e-05	4.34686532e-05	4.06471058e-05	4.838582e-05	1.75035958e-06	5.33188654e-07	0	30.4	0	0	0	3
166	11	3.47335006	1.32588198	4.80379293e-05	4.35747815e-05	4.06471058e-05	4.838582e-05	1.69948216e-06	5.33188654e-07	0	31.3	0	0	0	3
167	11	3.49711909	1.33386922	4.89671845e-05	4.36946771e-05	4.06471058e-05	4.89671845e-05	1.80575586e-06	5.33188654e-07	0	29.5	0	0	0	3
168	11	3.5208537	1.34185646	4.84582688e-05	4.38118534e-05	4.06471058e-05	4.89671845e-05	1.9229322e-06	5.33188654e-07	0	27.7	0	0	0	3
169	11	3.54455637	1.3498437	4.84875239e-05	4.39299858e-05	4.06471058e-05	4.89671845e-05	2.04106458e-06	5.33188654e-07	0	26.1	0	0	0	3
170	11	3.56823873	1.35783094	4.90182728e-05	4.40520938e-05	4.06471058e-05	4.90182728e-05	2.16317257e-06	5.33188654e-07	0	24.6	0	0	0	3
171	11	3.5919152	1.36581818	4.91048435e-05	4.41786416e-05	4.06471058e-05	4.91048435e-05	2.28972034e-06	5.33188654e-07	0	23.2	0	0	0	3
172	11	3.61559263	1.37380542	4.84678856e-05	4.42942082e-05	4.06471058e-05	4.91048435e-05	2.405287e-06	5.33188654e-07	0	22.1	0	0	0	3
173	12	3.63927816	1.38179266	4.8506289e-05	4.43982932e-05	4.06471058e-05	4.91048435e-05	2.50937195e-06	5.33188654e-07	0	21.2	0	0	0	3
174	12	3.66299005	1.38977991	4.83145528e-05	4.45042228e-05	4.06471058e-05	4.91048435e-05	2.61530159e-06	5.33188654e-07	0	20.3	0	0	0	3
175	12	3.68672891	1.39776715	4.85546099e-05	4.46273986e-05	4.06471058e-05	4.91048435e-05	2.73847736e-06	5.33188654e-07	0	19.4	0	0	0	3
176	12	3.71049381	1.40575439	4.92041543e-05	4.47572216e-05	4.06471058e-05	4.92041543e-05	2.86830036e-06	5.33188654e-07	0	18.5	0	0	0	3
177	12	3.73422353	1.41374163	4.90282512e-05	4.4871447e-05	4.06471058e-05	4.92041543e-05	2.98252576e-06	5.33188654e-07	0	17.8	0	0	0	3
178	12	3.75791358	1.42172887	4.9238568e-05	4.49996944e-05	4.06471058e-05	4.9238568e-05	3.11077321e-06	5.33188654e-07	0	17.1	0	0	0	3
179	12	3.78157573	1.42971611	4.97540608e-05	4.51389203e-05	4.06471058e-05	4.97540608e-05	3.2499991e-06	5.33188654e-07	0	16.4	0	0	0	3
180	12	3.80522296	1.43770335	5.03859592e-05	4.52819095e-05	4.06471058e-05	5.03859592e-05	3.39298829e-06	5.33188654e-07	0	15.7	0	0	0	3
181	12	3.82886588	1.44569059	4.90039343e-05	4.5410675e-05	4.06471058e-05	5.03859592e-05	3.52175377e-06	5.33188654e-07	0	15.1	0	0	0	3
182	12	3.85251105	1.45367783	4.88065635e-05	4.55275836e-05	4.06471058e-05	5.03859592e-05	3.63866239e-06	5.33188654e-07	0	14.6	0	0	0	3
183	12	3.87616929	1.46166507	4.94146014e-05	4.56589394e-05	4.06471058e-05	5.03859592e-05	3.77001821e-06	5.33188654e-07	0	14.1	0	0	0	3
184	12	3.89985492	1.46965231	4.89924345e-05	4.57907946e-05	4.06471058e-05	5.03859592e-05	3.90187339e-06	5.33188654e-07	0	13.6	0	0	0	3
185	12	3.92357252	1.47763955	4.84577183e-05	4.58925631e-05	4.06471058e-05	5.03859592e-05	4.00364188e-06	5.33188654e-07	0	13.3	0	0	0	3
186	12	3.9472921	1.4856268	4.9870202e-05	4.60207797e-05	4.06471058e-05	5.03859592e-05	4.1318585e-06	5.33188654e-07	0	12.9	0	0	0	3
187	13	3.97096803	1.49361404	5.01368032e-05	4.61711091e-05	4.07282953e-05	5.03859592e-05	4.28218787e-06	5.33188654e-07	0	12.4	0	0	0	3
188	13	3.99460931	1.50160128	4.94790965e-05	4.6293445e-05	4.07282953e-05	5.03859592e-05	4.40452376e-06	5.33188654e-07	0	12.1	0	0	0	3
189	13	4.01821462	1.50958852	4.99085894e-05	4.64123482e-05	4.07282953e-05	5.03859592e-05	4.52342694e-06	5.33188654e-07	0	11.7	0	0	0	3
190	13	4.04179946	1.51757576	5.04914978e-05	4.65644184e-05	4.07282953e-05	5.04914978e-05	4.67549721e-06	5.33188654e-07	0	11.4	0	0	0	3
191	13	4.06537991	1.525563	5.0134512e-05	4.67035535e-05	4.07282953e-05	5.04914978e-05	4.81463224e-06	5.33188654e-07	0	11	0	0	0	3
192	13	4.08896753	1.53355024	4.92181916e-05	4.68125951e-05	4.07282953e-05	5.04914978e-05	4.9236739e-06	5.33188654e-07	0	10.8	0	0	0	3
193	13	4.11256818	1.54153748	4.89480268e-05	4.69432285e-05	4.12596806e-05	5.04914978e-05	5.05430731e-06	5.33188654e-07	0	10.5	0	0	0	3
194	13	4.13619403	1.54952472	4.90953437e-05	4.70679122e-05	4.1342753e-05	5.04914978e-05	5.178991e-06	5.33188654e-07	0	10.2	0	0	0	3
195	13	4.15985715	1.55751196	4.85894636e-05	4.71647961e-05	4.1342753e-05	5.04914978e-05	5.27587484e-06	5.33188654e-07	0	10.1	0	0	0	3
196	13	4.18355994	1.5654992	4.96435224e-05	4.72974018e-05	4.18928589e-05	5.04914978e-05	5.40848052e-06	5.33188654e-07	0	9.8	0	0	0	3
197	13	4.20724971	1.57348644	5.02562466e-05	4.74310163e-05	4.23640407e-05	5.04914978e-05	5.54209504e-06	5.33188654e-07	0	9.6	0	0	0	3
198	13	4.23090286	1.58147369	5.03074674e-05	4.75376713e-05	4.23640407e-05	5.04914978e-05	5.64875005e-06	5.33188654e-07	0	9.4	0	0	0	3
199	13	4.25452266	1.58946093	4.99249269e-05	4.76581758e-05	4.24509696e-05	5.04914978e-05	5.7692546e-06	5.33188654e-07	0	9.2	0	0	0	3
200	13	4.27811317	1.59744817	5.01721156e-05	4.7781018e-05	4.28516793e-05	5.04914978e-05	5.88916797e-06	5.33188654e-07	0	9	0	0	0	3
201	14	4.30168931	1.60543541	5.02949383e-05	4.78828214e-05	4.28516793e-05	5.04914978e-05	5.98589612e-06	5.33188654e-07	0	8.9	0	0	0	3
202	14	4.32526735	1.61342265	4.95165821e-05	4.79766587e-05	4.28516793e-05	5.04914978e-05	6.07301904e-06	5.33188654e-07	0	8.7	0	0	0	3
203	14	4.34885639	1.62140989	4.89513491e-05	4.80736911e-05	4.3541235e-05	5.04914978e-05	6.16378296e-06	5.33188654e-07	0	8.6	0	0	0	3
204	14	4.37246528	1.62939713	4.92422976e-05	4.8162596e-05	4.3541235e-05	5.04914978e-05	6.23247114e-06	5.33188654e-07	0	8.5	0	0	0	3
205	14	4.39611101	1.63738437	4.8525613e-05	4.82222897e-05	4.3541235e-05	5.04914978e-05	6.28325577e-06	5.33188654e-07	0	8.4	0	0	0	3
206	14	4.41979643	1.64537161	4.88783943e-05	4.83072926e-05	4.39666584e-05	5.04914978e-05	6.34931453e-06	5.33188654e-07	0	8.3	0	0	0	3
207	14	4.44349017	1.65335885	5.06844199e-05	4.84141893e-05	4.46143157e-05	5.06844199e-05	6.07010419e-06	5.33188654e-07	0	8.7	0	0	0	3
208	14	4.46714687	1.66134609	5.00627286e-05	4.84868959e-05	4.46143157e-05	5.06844199e-05	6.07010419e-06	5.33188654e-07	0	8.7	0	0	0	3
209	14	4.49077116	1.66933333	5.01075803e-05	4.85744462e-05	4.46574865e-05	5.06844199e-05	6.02693333e-06	5.33188654e-07	0	8.8	0	0	0	3
210	14	4.5143682	1.67732058	5.05093642e-05	4.86677161e-05	4.57096095e-05	5.06844199e-05	4.97481041e-06	5.33188654e-07	0	10.7	0	0	0	3
211	14	4.5379513	1.68530782	5.02709478e-05	4.87287043e-05	4.57096095e-05	5.06844199e-05	4.97481041e-06	5.33188654e-07	0	10.7	0	0	0	3
212	14	4.56153483	1.69329506	4.95388403e-05	4.87774243e-05	4.57096095e-05	5.06844199e-05	4.97481041e-06	5.33188654e-07	0	10.7	0	0	0	3
213	14	4.58513125	1.7012823	4.89992567e-05	4.88301476e-05	4.58067082e-05	5.06844199e-05	4.8777117e-06	5.33188654e-07	0	10.9	0	0	0	3
214	15	4.60874803	1.70926954	4.92851829e-05	4.88858026e-05	4.58204673e-05	5.06844199e-05	4.86395263e-06	5.33188654e-07	0	10.9	0	0	0	3
215	15	4.63239765	1.71725678	4.90636521e-05	4.89230713e-05	4.58204673e-05	5.06844199e-05	4.86395263e-06	5.33188654e-07	0	10.9	0	0	0	3
216	15	4.65609522	1.72524402	4.92205098e-05	4.89656356e-05	4.58204673e-05	5.06844199e-05	4.86395263e-06	5.33188654e-07	0	10.9	0	0	0	3
217	15	4.67976335	1.73323126	5.00461597e-05	4.90331654e-05	4.61786931e-05	5.06844199e-05	4.50572676e-06	5.33188654e-07	0	11.8	0	0	0	3
218	15	4.70339556	1.7412185	5.05884054e-05	4.91035524e-05	4.7008246e-05	5.06844199e-05	3.67617393e-06	5.33188654e-07	0	14.5	0	0	0	3
219	15	4.72699142	1.74920574	5.06442452e-05	4.91534522e-05	4.7008246e-05	5.06844199e-05	3.67617393e-06	5.33188654e-07	0	14.5	0	0	0	3
220	15	4.75055552	1.75719298	5.02797284e-05	4.92055801e-05	4.71261058e-05	5.06844199e-05	3.55831413e-06	5.33188654e-07	0	14.9	0	0	0	3
221	15	4.77410051	1.76518022	5.02207675e-05	4.92548558e-05	4.73865745e-05	5.06844199e-05	3.2978454e-06	5.33188654e-07	0	16.1	0	0	0	3
222	15	4.79764446	1.77316747	5.02185775e-05	4.92958726e-05	4.73865745e-05	5.06844199e-05	3.2978454e-06	5.33188654e-07	0	16.1	0	0	0	3
223	15	4.82119741	1.78115471	4.96909219e-05	4.93235343e-05	4.73865745e-05	5.06844199e-05	3.2978454e-06	5.33188654e-07	0	16.1	0	0	0	3
224	15	4.84476944	1.78914195	4.93166121e-05	4.93506747e-05	4.73865745e-05	5.06844199e-05	3.2978454e-06	5.33188654e-07	0	16.1	0	0	0	3
225	15	4.86837628	1.79712919	4.96549944e-05	4.93868359e-05	4.73946622e-05	5.06844199e-05	3.28975764e-06	5.33188654e-07	0	16.2	0	0	0	3
226	15	4.8920304	1.80511643	4.98355567e-05	4.94099358e-05	4.73946622e-05	5.06844199e-05	3.28975764e-06	5.33188654e-07	0	16.2	0	0	0	3
227	15	4.91572969	1.81310367	4.9988879e-05	4.94498767e-05	4.73946622e-05	5.06844199e-05	3.28975764e-06	5.33188654e-07	0	16.2	0	0	0	3
228	15	4.93938706	1.82109091	5.00834566e-05	4.94928073e-05	4.80379293e-05	5.06844199e-05	2.64649059e-06	5.33188654e-07	0	20.1	0	0	0	3
229	16	4.96300004	1.82907815	5.10443233e-05	4.95406483e-05	4.83145528e-05	5.10443233e-05	2.72977047e-06	5.33188654e-07	0	19.5	0	0	0	3
230	16	4.98657929	1.83706539	5.07540534e-05	4.95690088e-05	4.83145528e-05	5.10443233e-05	2.72977047e-06	5.33188654e-07	0	19.5	0	0	0	3
231	16	5.01013907	1.84505263	5.04556936e-05	4.96007375e-05	4.83145528e-05	5.10443233e-05	2.72977047e-06	5.33188654e-07	0	19.5	0	0	0	3
232	16	5.03369461	1.85303987	5.03414554e-05	4.96301734e-05	4.83145528e-05	5.10443233e-05	2.72977047e-06	5.33188654e-07	0	19.5	0	0	0	3
233	16	5.05725477	1.86102711	5.02023486e-05	4.96489588e-05	4.83145528e-05	5.10443233e-05	2.72977047e-06	5.33188654e-07	0	19.5	0	0	0	3
234	16	5.08083917	1.86901436	4.92753287e-05	4.96516929e-05	4.83145528e-05	5.10443233e-05	2.72977047e-06	5.33188654e-07	0	19.5	0	0	0	3
235	16	5.10445726	1.8770016	4.87367081e-05	4.96560045e-05	4.83145528e-05	5.10443233e-05	2.72977047e-06	5.33188654e-07	0	19.5	0	0	0	3
236	16	5.12811207	1.88498884	5.02403307e-05	4.96835789e-05	4.83145528e-05	5.10443233e-05	2.72977047e-06	5.33188654e-07	0	19.5	0	0	0	3
237	16	5.15179927	1.89297608	4.96843477e-05	4.97053953e-05	4.84577183e-05	5.10443233e-05	2.58660505e-06	5.33188654e-07	0	20.6	0	0	0	3
238	16	5.1754335	1.90096332	4.97035164e-05	4.97237158e-05	4.84577183e-05	5.10443233e-05	2.58660505e-06	5.33188654e-07	0	20.6	0	0	0	3
239	16	5.19902143	1.90895056	5.132131e-05	4.97573271e-05	4.84577183e-05	5.132131e-05	2.86359177e-06	5.33188654e-07	0	18.6	0	0	0	3
240	16	5.22258047	1.9169378	5.11565504e-05	4.97910993e-05	4.84577183e-05	5.132131e-05	2.86359177e-06	5.33188654e-07	0	18.6	0	0	0	3
241	16	5.24612016	1.92492504	5.02535525e-05	4.98072097e-05	4.84577183e-05	5.132131e-05	2.86359177e-06	5.33188654e-07	0	18.6	0	0	0	3
242	16	5.26964449	1.93291228	5.00479991e-05	4.98118613e-05	4.84577183e-05	5.132131e-05	2.86359177e-06	5.33188654e-07	0	18.6	0	0	0	3
243	16	5.29317065	1.94089952	5.01972714e-05	4.98088312e-05	4.84577183e-05	5.132131e-05	2.86359177e-06	5.33188654e-07	0	18.6	0	0	0	3
244	17	5.31671622	1.94888676	4.93708576e-05	4.98146906e-05	4.84577183e-05	5.132131e-05	2.86359177e-06	5.33188654e-07	0	18.6	0	0	0	3
245	17	5.3402922	1.956874	4.87514718e-05	4.98138644e-05	4.84577183e-05	5.132131e-05	2.86359177e-06	5.33188654e-07	0	18.6	0	0	0	3
246	17	5.3639039	1.96486125	4.92185738e-05	4.98107658e-05	4.84577183e-05	5.132131e-05	2.86359177e-06	5.33188654e-07	0	18.6	0	0	0	3
247	17	5.3875651	1.97284849	5.00534636e-05	4.98276543e-05	4.84577183e-05	5.132131e-05	2.86359177e-06	5.33188654e-07	0	18.6	0	0	0	3
248	17	5.41123684	1.98083573	4.97445528e-05	4.98481727e-05	4.8525613e-05	5.132131e-05	2.79569702e-06	5.33188654e-07	0	19	0	0	0	3
249	17	5.43485758	1.98882297	5.07381499e-05	4.98619532e-05	4.8525613e-05	5.132131e-05	2.79569702e-06	5.33188654e-07	0	19	0	0	0	3
250	17	5.45843839	1.99681021	5.10455684e-05	4.98763422e-05	4.8525613e-05	5.132131e-05	2.79569702e-06	5.33188654e-07	0	19	0	0	0	3
251	17	5.48199648	2.00479745	5.04730907e-05	4.98921079e-05	4.8525613e-05	5.132131e-05	2.79569702e-06	5.33188654e-07	0	19	0	0	0	3
252	17	5.50554174	2.01278469	4.98254505e-05	4.98907911e-05	4.8525613e-05	5.132131e-05	2.79569702e-06	5.33188654e-07	0	19	0	0	0	3
253	17	5.52908486	2.02077193	4.97377253e-05	4.98788423e-05	4.8525613e-05	5.132131e-05	2.79569702e-06	5.33188654e-07	0	19	0	0	0	3
254	17	5.55264285	2.02875917	4.90040889e-05	4.98609328e-05	4.8525613e-05	5.132131e-05	2.79569702e-06	5.33188654e-07	0	19	0	0	0	3
255	17	5.57623	2.03674641	4.85452472e-05	4.98502604e-05	4.8525613e-05	5.132131e-05	2.79569702e-06	5.33188654e-07	0	19	0	0	0	3
256	17	5.59985799	2.04473365	4.93937457e-05	4.98573248e-05	4.8525613e-05	5.132131e-05	2.79569702e-06	5.33188654e-07	0	19	0	0	0	3
257	17	5.6235269	2.05272089	4.98071284e-05	4.98686299e-05	4.8525613e-05	5.132131e-05	2.72731181e-06	5.33188654e-07	0	19.5	0	0	0	3
258	17	5.64717194	2.06070814	4.97279769e-05	4.98867453e-05	4.8525613e-05	5.132131e-05	2.59470613e-06	5.33188654e-07	0	20.5	0	0	0	3
259	18	5.67076761	2.06869538	4.98315049e-05	4.98897453e-05	4.8525613e-05	5.132131e-05	2.46109161e-06	5.33188654e-07	0	21.6	0	0	0	3
260	18	5.69432599	2.07668262	5.06913908e-05	4.98966065e-05	4.8525613e-05	5.132131e-05	2.3589352e-06	5.33188654e-07	0	22.6	0	0	0	3
261	18	5.71785848	2.08466986	5.06295757e-05	4.99016708e-05	4.8525613e-05	5.132131e-05	2.24349498e-06	5.33188654e-07	0	23.7	0	0	0	3
262	18	5.74137192	2.0926571	4.96390783e-05	4.98971487e-05	4.8525613e-05	5.132131e-05	2.12065277e-06	5.33188654e-07	0	25.1	0	0	0	3
263	18	5.76488469	2.10064434	4.99288324e-05	4.98932868e-05	4.8525613e-05	5.132131e-05	2.0188494e-06	5.33188654e-07	0	26.4	0	0	0	3
264	18	5.7884193	2.10863158	4.91016983e-05	4.98743869e-05	4.8525613e-05	5.132131e-05	1.92501209e-06	5.33188654e-07	0	27.6	0	0	0	3
265	18	5.81197629	2.11661882	4.87960129e-05	4.98629745e-05	4.8525613e-05	5.132131e-05	1.82797976e-06	5.33188654e-07	0	29.1	0	0	0	3
266	18	5.83556901	2.12460606	4.92160043e-05	4.98671721e-05	4.8525613e-05	5.132131e-05	1.73907483e-06	5.33188654e-07	0	30.6	0	0	0	3
267	18	5.85922068	2.1325933	4.96417425e-05	4.98735086e-05	4.8525613e-05	5.132131e-05	1.67938115e-06	5.33188654e-07	0	31.7	0	0	0	3
268	18	5.88288141	2.14058054	5.00844549e-05	4.98983027e-05	4.85452472e-05	5.132131e-05	1.5943782e-06	5.33188654e-07	0	33.4	0	0	0	3
269	18	5.90650271	2.14856778	5.00488114e-05	4.99169426e-05	4.85452472e-05	5.132131e-05	1.50275329e-06	5.33188654e-07	0	35.4	0	0	0	3
270	18	5.93007849	2.15655503	5.08157038e-05	4.99189638e-05	4.85452472e-05	5.132131e-05	1.43206783e-06	5.33188654e-07	0	37.2	0	0	0	3
271	18	5.9536223	2.16454227	5.12007203e-05	4.99369771e-05	4.85452472e-05	5.132131e-05	1.36253089e-06	5.33188654e-07	0	39.1	0	0	0	3
272	18	5.977155	2.17252951	5.00170832e-05	4.99355339e-05	4.85452472e-05	5.132131e-05	1.26926105e-06	5.33188654e-07	0	42	0	0	0	3
273	18	6.00068574	2.18051675	4.94248337e-05	4.99183384e-05	4.85452472e-05	5.132131e-05	1.20827284e-06	5.33188654e-07	0	44.1	0	0	0	3
274	18	6.02422562	2.18850399	4.9737517e-05	4.99098796e-05	4.85452472e-05	5.132131e-05	1.15955279e-06	5.33188654e-07	0	45.9	0	0	0	3
275	19	6.04779213	2.19649123	4.93791954e-05	4.99073525e-05	4.85452472e-05	5.132131e-05	1.10682949e-06	5.33188654e-07	0	48.1	0	0	0	3
276	19	6.07140479	2.20447847	4.86511446e-05	4.9901812e-05	4.85452472e-05	5.132131e-05	1.05117454e-06	5.33188654e-07	0	50.7	0	0	0	3
277	19	6.09505883	2.21246571	4.98037376e-05	4.99100492e-05	4.85452472e-05	5.132131e-05	1.01390579e-06	5.33188654e-07	0	52.5	0	0	0	3
278	19	6.11871331	2.22045295	5.04837981e-05	4.99326478e-05	4.85452472e-05	5.132131e-05	9.71341549e-07	5.33188654e-07	0	54.8	0	0	0	3
279	19	6.14231435	2.22844019	5.02737001e-05	4.99494186e-05	4.85452472e-05	5.132131e-05	9.16253206e-07	5.33188654e-07	0	58.1	0	0	0	3
280	19	6.16587045	2.23642743	5.07105046e-05	4.99599418e-05	4.85452472e-05	5.132131e-05	8.56389379e-07	5.33188654e-07	0	62.2	0	0	0	3
281	19	6.18939513	2.24441467	5.07561617e-05	4.99625521e-05	4.85452472e-05	5.132131e-05	8.0909982e-07	5.33188654e-07	0	65.8	0	0	0	3
282	19	6.21290171	2.25240192	5.03559799e-05	4.99579508e-05	4.85452472e-05	5.132131e-05	7.56971997e-07	5.33188654e-07	0	70.4	0	0	0	3
283	19	6.23640296	2.26038916	5.00909696e-05	4.99549517e-05	4.85452472e-05	5.132131e-05	7.07696295e-07	5.33188654e-07	0	75.3	0	0	0	3
284	19	6.25991406	2.2683764	4.94875863e-05	4.9943344e-05	4.85452472e-05	5.132131e-05	6.66679431e-07	5.33188654e-07	0	79.9	0	0	0	3
285	19	6.28345392	2.27636364	4.91757643e-05	4.99268218e-05	4.85452472e-05	5.132131e-05	6.39017722e-07	5.33188654e-07	0	83.4	0	0	0	3
286	19	6.30703076	2.28435088	4.91266224e-05	4.99178638e-05	4.85452472e-05	5.132131e-05	6.11877323e-07	5.33188654e-07	0	87.1	0	0	0	3
287	19	6.33064814	2.29233812	4.92350316e-05	4.99165488e-05	4.85452472e-05	5.132131e-05	5.75716115e-07	5.33188654e-07	0	92.6	0	0	0	3
288	19	6.35432091	2.30032536	5.00218631e-05	4.99223818e-05	4.85452472e-05	5.132131e-05	5.52616289e-07	5.33188654e-07	0	96.4	0	0	0	3
289	19	6.37794927	2.3083126	5.06522762e-05	4.99353704e-05	4.85452472e-05	5.132131e-05	5.12675348e-07	5.33188654e-07	0	100	0	0	0	3
