Iteration	CPUTime	PhysTime	Travels	Value	AvValue	MinValue	MaxValue	Delta	Criteria	Progress	dGMaxMin	CriteriaType	CriteriaVarType	CriteriaPercentage
1	1	0.00233605447	0.00798724083	293.2	293.2	293.2	293.2	0	0	0	0	2.7846e-06	0	0	3
2	1	0.0040212357	0.0159744817	293.2	293.2	293.2	293.2	8.57028226e-10	0	0	0	2.65186e-06	0	0	3
3	1	0.00572143262	0.0239617225	293.2	293.2	293.2	293.2	1.11964482e-09	0	0	0	2.71182e-06	0	0	3
4	1	0.00743127207	0.0319489633	293.2	293.2	293.2	293.2	1.2217356e-09	0	0	0	2.61929e-06	0	0	3
5	1	0.00918405604	0.0399362042	293.2	293.2	293.2	293.2	1.27471367e-09	0	0	0	2.63891e-06	0	0	3
6	1	0.0120951263	0.047923445	293.2	293.2	293.2	293.2	1.33161393e-09	0	0	0	2.56768e-06	0	0	3
7	1	0.0153634982	0.0559106858	293.2	293.2	293.2	293.2	1.37436018e-09	0	0	0	2.54957e-06	0	0	3
8	1	0.0187480498	0.0638979267	293.2	293.2	293.2	293.2	1.40806833e-09	0	0	0	2.49337e-06	0	0	3
9	1	0.0221568936	0.0718851675	293.2	293.2	293.2	293.2	1.43455736e-09	0	0	0	2.47291e-06	0	0	3
10	1	0.0255767543	0.0798724083	293.2	293.2	293.2	293.2	1.45860213e-09	0	0	0	2.41997e-06	0	0	3
11	1	0.0307205079	0.0878596492	293.2	293.2	293.2	293.2	1.45860213e-09	0	0	0	2.41327e-06	0	0	3
12	1	0.0358429478	0.09584689	293.2	293.2	293.2	293.2	1.45860213e-09	0	0	0	2.50334e-06	0	0	3
13	1	0.0410064468	0.103834131	293.2	293.2	293.2	293.2	1.45860213e-09	0	0	0	2.58452e-06	0	0	3
14	2	0.0461841657	0.111821372	293.2	293.2	293.2	293.2	1.45860213e-09	0	0	0	2.79294e-06	0	0	3
15	2	0.0513605044	0.119808613	293.2	293.2	293.2	293.2	1.46258117e-09	0	0	0	2.75344e-06	0	0	3
16	2	0.0591551887	0.127795853	293.2	293.2	293.2	293.2	1.50532742e-09	0	0	0	2.93273e-06	0	0	3
17	2	0.0669580815	0.135783094	293.2	293.2	293.2	293.2	1.53966084e-09	0	0	0	3.10515e-06	0	0	3
18	2	0.0747691761	0.143770335	293.2	293.2	293.2	293.2	1.59457159e-09	0	0	0	3.12808e-06	0	0	3
19	2	0.0825896567	0.151757576	293.2	293.2	293.2	293.2	1.64703806e-09	0	0	0	3.20493e-06	0	0	3
20	2	0.0904215795	0.159744817	293.2	293.2	293.2	293.2	1.69944769e-09	0	0	0	3.2471e-06	0	0	3
21	2	0.102189972	0.167732058	293.2	293.2	293.2	293.2	1.78221171e-09	0	0	0	3.24581e-06	0	0	3
22	2	0.113990562	0.175719298	293.2	293.2	293.2	293.2	1.86355464e-09	0	0	0	3.24891e-06	0	0	3
23	2	0.125801087	0.183706539	293.2	293.2	293.2	293.2	1.92812877e-09	0	0	0	3.28699e-06	0	0	3
24	2	0.137614949	0.19169378	293.2	293.2	293.2	293.2	2.00355998e-09	0	0	0	3.25388e-06	0	0	3
25	2	0.1494289	0.199681021	293.2	293.2	293.2	293.2	2.07609219e-09	0	0	0	3.25578e-06	0	0	3
26	2	0.167144735	0.207668262	293.2	293.2	293.2	293.2	2.17886509e-09	0	0	0	3.24758e-06	0	0	3
27	2	0.184861205	0.215655503	293.2	293.2	293.2	293.2	2.28300223e-09	0	0	0	3.20231e-06	0	0	3
28	2	0.202578429	0.223642743	293.2	293.2	293.2	293.2	2.38247821e-09	0	0	0	3.18173e-06	0	0	3
29	2	0.220299931	0.231629984	293.2	293.2	293.2	293.2	2.48530796e-09	0	0	0	3.11223e-06	0	0	3
30	2	0.238025586	0.239617225	293.2	293.2	293.2	293.2	2.57995225e-09	0	0	0	3.11733e-06	0	0	3
31	2	0.261379382	0.247604466	293.2	293.2	293.2	293.2	2.70318878e-09	0	0	0	3.08817e-06	0	0	3
32	3	0.284751235	0.255591707	293.2	293.2	293.2	293.2	2.82716428e-09	0	0	0	2.97625e-06	0	0	3
33	3	0.308141037	0.263578948	293.2	293.2	293.2	293.2	2.95176505e-09	0	0	0	2.9435e-06	0	0	3
34	3	0.331544286	0.271566188	293.2	293.2	293.2	293.2	3.06977199e-09	0	0	0	2.89344e-06	0	0	3
35	3	0.35496548	0.279553429	293.2	293.2	293.2	293.2	3.1849936e-09	0	0	0	2.85793e-06	0	0	3
36	3	0.378407031	0.28754067	293.2	293.2	293.2	293.2	3.30243211e-09	0	0	0	2.83129e-06	0	0	3
37	3	0.401867325	0.295527911	293.2	293.2	293.2	293.2	3.42049589e-09	0	0	0	2.8048e-06	0	0	3
38	3	0.425339543	0.303515152	293.2	293.2	293.2	293.2	3.53600171e-09	0	0	0	2.77595e-06	0	0	3
39	3	0.448824144	0.311502393	293.2	293.2	293.2	293.2	3.65037067e-09	0	0	0	2.75441e-06	0	0	3
40	3	0.472322583	0.319489633	293.2	293.2	293.2	293.2	3.76621756e-09	0	0	0	2.74399e-06	0	0	3
41	3	0.495839073	0.327476874	293.2	293.2	293.2	293.2	3.88314447e-09	0	0	0	2.72401e-06	0	0	3
42	3	0.519362501	0.335464115	293.2	293.2	293.2	293.2	3.99722921e-09	0	0	0	2.72188e-06	0	0	3
43	3	0.542891149	0.343451356	293.2	293.2	293.2	293.2	4.11250767e-09	0	0	0	2.71177e-06	0	0	3
44	3	0.566431503	0.351438597	293.2	293.2	293.2	293.2	4.22892299e-09	0	0	0	2.69581e-06	0	0	3
45	3	0.589983471	0.359425838	293.2	293.2	293.2	293.2	4.34476988e-09	0	0	0	2.69308e-06	0	0	3
46	3	0.613546021	0.367413078	293.2	293.2	293.2	293.2	4.46107151e-09	0	0	0	2.67502e-06	0	0	3
47	3	0.637114559	0.375400319	293.2	293.2	293.2	293.2	4.57828264e-09	0	0	0	2.67109e-06	0	0	3
48	4	0.660694066	0.38338756	293.2	293.2	293.2	293.2	4.69503902e-09	0	0	0	2.65791e-06	0	0	3
49	4	0.684283635	0.391374801	293.2	293.2	293.2	293.2	4.81128382e-09	0	0	0	2.66219e-06	0	0	3
50	4	0.70788016	0.399362042	293.2	293.2	293.2	293.2	4.93002972e-09	0	0	0	2.63624e-06	0	0	3
51	4	0.7314811	0.407349283	293.2	293.2	293.2	293.2	5.04900299e-09	0	0	0	2.62957e-06	0	0	3
52	4	0.755088193	0.415336523	293.2	293.2	293.2	293.2	5.16769205e-09	0	0	0	2.62211e-06	0	0	3
53	4	0.778703815	0.423323764	293.2	293.2	293.2	293.2	5.28638111e-09	0	0	0	2.60931e-06	0	0	3
54	4	0.802326082	0.431311005	293.2	293.2	293.2	293.2	5.40666178e-09	0	0	0	2.59667e-06	0	0	3
55	4	0.825951092	0.439298246	293.2	293.2	293.2	293.2	5.52694246e-09	0	0	0	2.58444e-06	0	0	3
56	4	0.849580732	0.447285487	293.2	293.2	293.2	293.2	5.6466547e-09	0	0	0	2.58066e-06	0	0	3
57	4	0.873222098	0.455272728	293.2	293.2	293.2	293.2	5.76727643e-09	0	0	0	2.57049e-06	0	0	3
58	4	0.896862577	0.463259968	293.2	293.2	293.2	293.2	5.88892135e-09	0	0	0	2.55907e-06	0	0	3
59	4	0.920507652	0.471247209	293.2	293.2	293.2	293.2	6.00977046e-09	0	0	0	2.55326e-06	0	0	3
60	4	0.944162445	0.47923445	293.2	293.2	293.2	293.2	6.13096063e-09	0	0	0	2.54826e-06	0	0	3
61	4	0.967821058	0.487221691	293.2	293.2	293.2	293.2	6.25368557e-09	0	0	0	2.52826e-06	0	0	3
62	4	0.991479633	0.495208932	293.2	293.2	293.2	293.2	6.37584208e-09	0	0	0	2.52437e-06	0	0	3
63	4	1.01514476	0.503196173	293.2	293.2	293.2	293.2	6.49771437e-09	0	0	0	2.51023e-06	0	0	3
64	5	1.03882064	0.511183413	293.2	293.2	293.2	293.2	5.77722403e-09	0	0	0	2.48728e-06	0	0	3
65	5	1.06250175	0.519170654	293.2	293.2	293.2	293.2	5.64506308e-09	0	0	0	2.47006e-06	0	0	3
66	5	1.08618688	0.527157895	293.2	293.2	293.2	293.2	5.67240477e-09	0	0	0	2.45793e-06	0	0	3
67	5	1.10988046	0.535145136	293.2	293.2	293.2	293.2	5.74800652e-09	0	0	0	2.43085e-06	0	0	3
68	5	1.13357741	0.543132377	293.2	293.2	293.2	293.2	5.82076609e-09	0	0	0	2.42506e-06	0	0	3
69	5	1.15727581	0.551119618	293.2	293.2	293.2	293.2	5.91154503e-09	0	0	0	2.42481e-06	0	0	3
70	5	1.1809838	0.559106858	293.2	293.2	293.2	293.2	6.02517503e-09	0	0	0	2.41436e-06	0	0	3
71	5	1.20469741	0.567094099	293.2	293.2	293.2	293.2	6.15813178e-09	0	0	0	2.41804e-06	0	0	3
72	5	1.22841141	0.57508134	293.2	293.2	293.2	293.2	6.28847374e-09	0	0	0	2.42501e-06	0	0	3
73	5	1.25213892	0.583068581	293.2	293.2	293.2	293.2	6.41767883e-09	0	0	0	2.42245e-06	0	0	3
74	5	1.27587343	0.591055822	293.2	293.2	293.2	293.2	6.554842e-09	0	0	0	2.42081e-06	0	0	3
75	5	1.29961299	0.599043063	293.2	293.2	293.2	293.2	6.66642563e-09	0	0	0	2.42224e-06	0	0	3
76	5	1.32336293	0.607030303	293.2	293.2	293.2	293.2	6.78090828e-09	0	0	0	2.42306e-06	0	0	3
77	5	1.34712229	0.615017544	293.2	293.2	293.2	293.2	6.87367674e-09	0	0	0	2.42804e-06	0	0	3
78	5	1.37088747	0.623004785	293.2	293.2	293.2	293.2	6.95007429e-09	0	0	0	2.42985e-06	0	0	3
79	5	1.3946719	0.630992026	293.2	293.2	293.2	293.2	7.04380909e-09	0	0	0	2.43894e-06	0	0	3
80	5	1.41847321	0.638979267	293.2	293.2	293.2	293.2	7.11253278e-09	0	0	0	2.44746e-06	0	0	3
81	6	1.4422841	0.646966508	293.2	293.2	293.2	293.2	7.17693638e-09	0	0	0	2.45484e-06	0	0	3
82	6	1.4661114	0.654953748	293.2	293.2	293.2	293.2	7.23565563e-09	0	0	0	2.46364e-06	0	0	3
83	6	1.48995328	0.662940989	293.2	293.2	293.2	293.2	7.25816562e-09	0	0	0	2.47093e-06	0	0	3
84	6	1.51381689	0.67092823	293.2	293.2	293.2	293.2	7.29585281e-09	0	0	0	2.47872e-06	0	0	3
85	6	1.53767853	0.678915471	293.2	293.2	293.2	293.2	7.3438855e-09	0	0	0	2.4837e-06	0	0	3
86	6	1.56153202	0.686902712	293.2	293.2	293.2	293.2	7.37594519e-09	0	0	0	2.48982e-06	0	0	3
87	6	1.5853891	0.694889953	293.2	293.2	293.2	293.2	7.40465111e-09	0	0	0	2.49151e-06	0	0	3
88	6	1.60924878	0.702877193	293.2	293.2	293.2	293.2	7.39919415e-09	0	0	0	2.49133e-06	0	0	3
89	6	1.6331019	0.710864434	293.2	293.2	293.2	293.2	7.41334816e-09	0	0	0	2.48893e-06	0	0	3
90	6	1.65695079	0.718851675	293.2	293.2	293.2	293.2	7.4263653e-09	0	0	0	2.48404e-06	0	0	3
91	6	1.68080022	0.726838916	293.2	293.2	293.2	293.2	7.43176543e-09	0	0	0	2.48178e-06	0	0	3
92	6	1.70466166	0.734826157	293.2	293.2	293.2	293.2	7.44188355e-09	0	0	0	2.48352e-06	0	0	3
93	6	1.7285219	0.742813398	293.2	293.2	293.2	293.2	7.42039674e-09	0	0	0	2.48736e-06	0	0	3
94	6	1.75238539	0.750800638	293.2	293.2	293.2	293.2	7.41817985e-09	0	0	0	2.48683e-06	0	0	3
95	6	1.77626305	0.758787879	293.2	293.2	293.2	293.2	7.41215445e-09	0	0	0	2.48339e-06	0	0	3
96	6	1.80015866	0.76677512	293.2	293.2	293.2	293.2	7.40971018e-09	0	0	0	2.47762e-06	0	0	3
97	7	1.82406117	0.774762361	293.2	293.2	293.2	293.2	7.40891437e-09	0	0	0	2.47037e-06	0	0	3
98	7	1.84798019	0.782749602	293.2	293.2	293.2	293.2	7.4047648e-09	0	0	0	2.45807e-06	0	0	3
99	7	1.87192842	0.790736843	293.2	293.2	293.2	293.2	7.39839834e-09	0	0	0	2.44228e-06	0	0	3
100	7	1.89589023	0.798724083	293.2	293.2	293.2	293.2	7.39299821e-09	0	0	0	2.42871e-06	0	0	3
101	7	1.91985788	0.806711324	293.2	293.2	293.2	293.2	7.3887918e-09	0	0	0	2.44071e-06	0	0	3
102	7	1.94380463	0.814698565	293.2	293.2	293.2	293.2	7.38282324e-09	0	0	0	2.45287e-06	0	0	3
103	7	1.96773185	0.822685806	293.2	293.2	293.2	293.2	7.37492201e-09	0	0	0	2.46648e-06	0	0	3
104	7	1.99165295	0.830673047	293.2	293.2	293.2	293.2	7.22428695e-09	0	0	0	2.47394e-06	0	0	3
105	7	2.01556808	0.838660288	293.2	293.2	293.2	293.2	6.96866209e-09	0	0	0	2.47743e-06	0	0	3
106	7	2.03946582	0.846647528	293.2	293.2	293.2	293.2	6.71178668e-09	0	0	0	2.47741e-06	0	0	3
107	7	2.06335143	0.854634769	293.2	293.2	293.2	293.2	6.68939037e-09	0	0	0	2.47717e-06	0	0	3
108	7	2.08723907	0.86262201	293.2	293.2	293.2	293.2	6.68285338e-09	0	0	0	2.47487e-06	0	0	3
109	7	2.11113256	0.870609251	293.2	293.2	293.2	293.2	6.67597533e-09	0	0	0	2.47116e-06	0	0	3
110	7	2.1350236	0.878596492	293.2	293.2	293.2	293.2	6.65920652e-09	0	0	0	2.46303e-06	0	0	3
111	7	2.15892174	0.886583733	293.2	293.2	293.2	293.2	6.73850309e-09	0	0	0	2.45431e-06	0	0	3
112	8	2.18284465	0.894570973	293.2	293.2	293.2	293.2	6.70843292e-09	0	0	0	2.44596e-06	0	0	3
113	8	2.20677944	0.902558214	293.2	293.2	293.2	293.2	6.67199629e-09	0	0	0	2.44841e-06	0	0	3
114	8	2.23073305	0.910545455	293.2	293.2	293.2	293.2	6.67608901e-09	0	0	0	2.44543e-06	0	0	3
115	8	2.25472638	0.918532696	293.2	293.2	293.2	293.2	6.72258693e-09	0	0	0	2.4368e-06	0	0	3
116	8	2.27875915	0.926519937	293.2	293.2	293.2	293.2	6.66045707e-09	0	0	0	2.42932e-06	0	0	3
117	8	2.30279982	0.934507178	293.2	293.2	293.2	293.2	6.64800837e-09	0	0	0	2.42662e-06	0	0	3
118	8	2.32681531	0.942494418	293.2	293.2	293.2	293.2	6.70053169e-09	0	0	0	2.44301e-06	0	0	3
119	8	2.35079077	0.950481659	293.2	293.2	293.2	293.2	6.57627197e-09	0	0	0	2.46825e-06	0	0	3
120	8	2.37473207	0.9584689	293.2	293.2	293.2	293.2	6.58621957e-09	0	0	0	2.49032e-06	0	0	3
121	8	2.39864747	0.966456141	293.2	293.2	293.2	293.2	6.59986199e-09	0	0	0	2.50513e-06	0	0	3
122	8	2.42252982	0.974443382	293.2	293.2	293.2	293.2	6.46997478e-09	0	0	0	2.51716e-06	0	0	3
123	8	2.44639466	0.982430623	293.2	293.2	293.2	293.2	6.4408141e-09	0	0	0	2.52241e-06	0	0	3
124	8	2.47024285	0.990417863	293.2	293.2	293.2	293.2	6.45763976e-09	0	0	0	2.52579e-06	0	0	3
125	8	2.49407585	0.998405104	293.2	293.2	293.2	293.2	6.37606945e-09	0	0	0	2.52572e-06	0	0	3
126	8	2.51790533	1.00639235	293.2	293.2	293.2	293.2	6.45127329e-09	2.932e-06	0	0	2.52358e-06	0	0	3
127	8	2.54174442	1.01437959	293.2	293.2	293.2	293.2	6.70956979e-09	2.932e-06	0	0	2.51509e-06	0	0	3
128	9	2.56559369	1.02236683	293.2	293.2	293.2	293.2	6.8467898e-09	2.932e-06	0	0	2.50606e-06	0	0	3
129	9	2.58946556	1.03035407	293.2	293.2	293.2	293.2	7.02760872e-09	2.932e-06	0	0	2.49326e-06	0	0	3
130	9	2.61337097	1.03834131	293.2	293.2	293.2	293.2	7.01260205e-09	2.932e-06	0	0	2.47452e-06	0	0	3
131	9	2.63730694	1.04632855	293.2	293.2	293.2	293.2	6.97900759e-09	2.932e-06	0	0	2.45339e-06	0	0	3
132	9	2.66128346	1.05431579	293.2	293.2	293.2	293.2	6.94490154e-09	2.932e-06	0	0	2.43636e-06	0	0	3
133	9	2.68531674	1.06230303	293.2	293.2	293.2	293.2	6.91346713e-09	2.932e-06	0	0	2.4219e-06	0	0	3
134	9	2.70937853	1.07029027	293.2	293.2	293.2	293.2	6.88430646e-09	2.932e-06	0	0	2.4079e-06	0	0	3
135	9	2.7333939	1.07827751	293.2	293.2	293.2	293.2	6.85707846e-09	2.932e-06	0	0	2.42155e-06	0	0	3
136	9	2.75736692	1.08626475	293.2	293.2	293.2	293.2	6.82268819e-09	2.932e-06	0	0	2.43863e-06	0	0	3
137	9	2.78128916	1.09425199	293.2	293.2	293.2	293.2	6.7945507e-09	2.932e-06	0	0	2.4759e-06	0	0	3
138	9	2.8051733	1.10223924	293.2	293.2	293.2	293.2	6.77158596e-09	2.932e-06	0	0	2.50391e-06	0	0	3
139	9	2.82903329	1.11022648	293.2	293.2	293.2	293.2	6.75493084e-09	2.932e-06	0	0	2.53424e-06	0	0	3
140	9	2.85287083	1.11821372	293.2	293.2	293.2	293.2	6.74748435e-09	2.932e-06	0	0	2.55117e-06	0	0	3
141	9	2.87669393	1.12620096	293.2	293.2	293.2	293.2	6.73480827e-09	2.932e-06	0	0	2.56422e-06	0	0	3
142	9	2.90051706	1.1341882	293.2	293.2	293.2	293.2	6.73117029e-09	2.932e-06	0	0	2.57284e-06	0	0	3
143	10	2.92435293	1.14217544	293.2	293.2	293.2	293.2	6.73975364e-09	2.932e-06	0	0	2.57376e-06	0	0	3
144	10	2.94820162	1.15016268	293.2	293.2	293.2	293.2	6.75765932e-09	2.932e-06	0	0	2.55286e-06	0	0	3
145	10	2.97207404	1.15814992	293.2	293.2	293.2	293.2	6.78659262e-09	2.932e-06	0	0	2.55581e-06	0	0	3
146	10	2.99598106	1.16613716	293.2	293.2	293.2	293.2	6.80967105e-09	2.932e-06	0	0	2.53604e-06	0	0	3
147	10	3.01991021	1.1741244	293.2	293.2	293.2	293.2	6.84366341e-09	2.932e-06	0	0	2.53952e-06	0	0	3
148	10	3.04386171	1.18211164	293.2	293.2	293.2	293.2	6.88771706e-09	2.932e-06	0	0	2.54457e-06	0	0	3
149	10	3.06783868	1.19009888	293.2	293.2	293.2	293.2	6.94495839e-09	2.932e-06	0	0	2.51351e-06	0	0	3
150	10	3.0917968	1.19808613	293.2	293.2	293.2	293.2	7.01197678e-09	2.932e-06	0	0	2.48988e-06	0	0	3
151	10	3.11572571	1.20607337	293.2	293.2	293.2	293.2	7.06273795e-09	2.932e-06	0	0	2.50519e-06	0	0	3
152	10	3.13963617	1.21406061	293.2	293.2	293.2	293.2	7.12464043e-09	2.932e-06	0	0	2.54727e-06	0	0	3
153	10	3.16354492	1.22204785	293.2	293.2	293.2	293.2	7.19552418e-09	2.932e-06	0	0	2.5755e-06	0	0	3
154	10	3.18745505	1.23003509	293.2	293.2	293.2	293.2	7.27487759e-09	2.932e-06	0	0	2.5725e-06	0	0	3
155	10	3.21137029	1.23802233	293.2	293.2	293.2	293.2	7.35951744e-09	2.932e-06	0	0	2.56183e-06	0	0	3
156	10	3.23526566	1.24600957	293.2	293.2	293.2	293.2	7.42710426e-09	2.932e-06	0	0	2.58153e-06	0	0	3
157	10	3.25913507	1.25399681	293.2	293.2	293.2	293.2	7.50173967e-09	2.932e-06	0	0	2.56691e-06	0	0	3
158	10	3.28297461	1.26198405	293.2	293.2	293.2	293.2	7.58149099e-09	2.932e-06	0	0	2.53381e-06	0	0	3
159	11	3.3067844	1.26997129	293.2	293.2	293.2	293.2	7.66448238e-09	2.932e-06	0	0	2.51978e-06	0	0	3
160	11	3.33057352	1.27795853	293.2	293.2	293.2	293.2	7.74969067e-09	2.932e-06	0	0	2.49952e-06	0	0	3
161	11	3.35435235	1.28594577	293.2	293.2	293.2	293.2	7.83654741e-09	2.932e-06	0	0	2.48685e-06	0	0	3
162	11	3.37813169	1.29393302	293.2	293.2	293.2	293.2	7.9251663e-09	2.932e-06	0	0	2.51245e-06	0	0	3
163	11	3.40191485	1.30192026	293.2	293.2	293.2	293.2	8.01435363e-09	2.932e-06	0	0	2.52472e-06	0	0	3
164	11	3.42571949	1.3099075	293.2	293.2	293.2	293.2	8.1047915e-09	2.932e-06	0	0	2.512e-06	0	0	3
165	11	3.4495471	1.31789474	293.2	293.2	293.2	293.2	8.19431989e-09	2.932e-06	0	0	2.52483e-06	0	0	3
166	11	3.47335006	1.32588198	293.2	293.2	293.2	293.2	8.28248403e-09	2.932e-06	0	0	2.53068e-06	0	0	3
167	11	3.49711909	1.33386922	293.2	293.2	293.2	293.2	8.36695335e-09	2.932e-06	0	0	2.5018e-06	0	0	3
168	11	3.5208537	1.34185646	293.2	293.2	293.2	293.2	8.45102477e-09	2.932e-06	0	0	2.48469e-06	0	0	3
169	11	3.54455637	1.3498437	293.2	293.2	293.2	293.2	8.5336751e-09	2.932e-06	0	0	2.4979e-06	0	0	3
170	11	3.56823873	1.35783094	293.2	293.2	293.2	293.2	8.61251692e-09	2.932e-06	0	0	2.4914e-06	0	0	3
171	11	3.5919152	1.36581818	293.2	293.2	293.2	293.2	8.68840289e-09	2.932e-06	0	0	2.48513e-06	0	0	3
172	11	3.61559263	1.37380542	293.2	293.2	293.2	293.2	8.76264039e-09	2.932e-06	0	0	2.51092e-06	0	0	3
173	12	3.63927816	1.38179266	293.2	293.2	293.2	293.2	8.83301254e-09	2.932e-06	0	0	2.52525e-06	0	0	3
174	12	3.66299005	1.38977991	293.2	293.2	293.2	293.2	8.89980356e-09	2.932e-06	0	0	2.53447e-06	0	0	3
175	12	3.68672891	1.39776715	293.2	293.2	293.2	293.2	8.96523034e-09	2.932e-06	0	0	2.52336e-06	0	0	3
176	12	3.71049381	1.40575439	293.2	293.2	293.2	293.2	9.02809916e-09	2.932e-06	0	0	2.50949e-06	0	0	3
177	12	3.73422353	1.41374163	293.2	293.2	293.2	293.2	9.0877279e-09	2.932e-06	0	0	2.49814e-06	0	0	3
178	12	3.75791358	1.42172887	293.2	293.2	293.2	293.2	9.14371867e-09	2.932e-06	0	0	2.50665e-06	0	0	3
179	12	3.78157573	1.42971611	293.2	293.2	293.2	293.2	9.1983452e-09	2.932e-06	0	0	2.51966e-06	0	0	3
180	12	3.80522296	1.43770335	293.2	293.2	293.2	293.2	9.24939059e-09	2.932e-06	0	0	2.50599e-06	0	0	3
181	12	3.82886588	1.44569059	293.2	293.2	293.2	293.2	9.29929911e-09	2.932e-06	0	0	2.47971e-06	0	0	3
182	12	3.85251105	1.45367783	293.2	293.2	293.2	293.2	9.34596756e-09	2.932e-06	0	0	2.49765e-06	0	0	3
183	12	3.87616929	1.46166507	293.2	293.2	293.2	293.2	9.31453314e-09	2.932e-06	0	0	2.51119e-06	0	0	3
184	12	3.89985492	1.46965231	293.2	293.2	293.2	293.2	9.21335186e-09	2.932e-06	0	0	2.51626e-06	0	0	3
185	12	3.92357252	1.47763955	293.2	293.2	293.2	293.2	8.94812047e-09	2.932e-06	0	0	2.5134e-06	0	0	3
186	12	3.9472921	1.4856268	293.2	293.2	293.2	293.2	8.70699068e-09	2.932e-06	0	0	2.50502e-06	0	0	3
187	13	3.97096803	1.49361404	293.2	293.2	293.2	293.2	8.56448423e-09	2.932e-06	0	0	2.52446e-06	0	0	3
188	13	3.99460931	1.50160128	293.2	293.2	293.2	293.2	8.39168024e-09	2.932e-06	0	0	2.51556e-06	0	0	3
189	13	4.01821462	1.50958852	293.2	293.2	293.2	293.2	8.13338374e-09	2.932e-06	0	0	2.51474e-06	0	0	3
190	13	4.04179946	1.51757576	293.2	293.2	293.2	293.2	7.99616373e-09	2.932e-06	0	0	2.50803e-06	0	0	3
191	13	4.06537991	1.525563	293.2	293.2	293.2	293.2	7.81534482e-09	2.932e-06	0	0	2.4906e-06	0	0	3
192	13	4.08896753	1.53355024	293.2	293.2	293.2	293.2	7.59121122e-09	2.932e-06	0	0	2.50875e-06	0	0	3
193	13	4.11256818	1.54153748	293.2	293.2	293.2	293.2	7.48258344e-09	2.932e-06	0	0	2.5216e-06	0	0	3
194	13	4.13619403	1.54952472	293.2	293.2	293.2	293.2	7.34075911e-09	2.932e-06	0	0	2.52289e-06	0	0	3
195	13	4.15985715	1.55751196	293.2	293.2	293.2	293.2	7.07552772e-09	2.932e-06	0	0	2.51491e-06	0	0	3
196	13	4.18355994	1.5654992	293.2	293.2	293.2	293.2	6.96422831e-09	2.932e-06	0	0	2.51001e-06	0	0	3
197	13	4.20724971	1.57348644	293.2	293.2	293.2	293.2	6.807511e-09	2.932e-06	0	0	2.53457e-06	0	0	3
198	13	4.23090286	1.58147369	293.2	293.2	293.2	293.2	6.58582167e-09	2.932e-06	0	0	2.53098e-06	0	0	3
199	13	4.25452266	1.58946093	293.2	293.2	293.2	293.2	6.42955911e-09	2.932e-06	0	0	2.51671e-06	0	0	3
200	13	4.27811317	1.59744817	293.2	293.2	293.2	293.2	6.28023145e-09	2.932e-06	0	0	2.51253e-06	0	0	3
201	14	4.30168931	1.60543541	293.2	293.2	293.2	293.2	6.03932904e-09	2.932e-06	0	0	2.50044e-06	0	0	3
202	14	4.32526735	1.61342265	293.2	293.2	293.2	293.2	5.86589977e-09	2.932e-06	0	0	2.50386e-06	0	0	3
203	14	4.34885639	1.62140989	293.2	293.2	293.2	293.2	5.71913006e-09	2.932e-06	0	0	2.52374e-06	0	0	3
204	14	4.37246528	1.62939713	293.2	293.2	293.2	293.2	5.48982371e-09	2.932e-06	0	0	2.51944e-06	0	0	3
205	14	4.39611101	1.63738437	293.2	293.2	293.2	293.2	5.23169774e-09	2.932e-06	0	0	2.51175e-06	0	0	3
206	14	4.41979643	1.64537161	293.2	293.2	293.2	293.2	5.14700105e-09	2.932e-06	0	0	2.50555e-06	0	0	3
207	14	4.44349017	1.65335885	293.2	293.2	293.2	293.2	4.98522468e-09	2.932e-06	0	0	2.51957e-06	0	0	3
208	14	4.46714687	1.66134609	293.2	293.2	293.2	293.2	4.65740868e-09	2.932e-06	0	0	2.51867e-06	0	0	3
209	14	4.49077116	1.66933333	293.2	293.2	293.2	293.2	4.48903847e-09	2.932e-06	0	0	2.50915e-06	0	0	3
210	14	4.5143682	1.67732058	293.2	293.2	293.2	293.2	4.37506742e-09	2.932e-06	0	0	2.50241e-06	0	0	3
211	14	4.5379513	1.68530782	293.2	293.2	293.2	293.2	4.15502655e-09	2.932e-06	0	0	2.48209e-06	0	0	3
212	14	4.56153483	1.69329506	293.2	293.2	293.2	293.2	3.91798949e-09	2.932e-06	0	0	2.48137e-06	0	0	3
213	14	4.58513125	1.7012823	293.2	293.2	293.2	293.2	3.70101816e-09	2.932e-06	0	0	2.50719e-06	0	0	3
214	15	4.60874803	1.70926954	293.2	293.2	293.2	293.2	3.5404355e-09	2.932e-06	0	0	2.51491e-06	0	0	3
215	15	4.63239765	1.71725678	293.2	293.2	293.2	293.2	3.37530537e-09	2.932e-06	0	0	2.49907e-06	0	0	3
216	15	4.65609522	1.72524402	293.2	293.2	293.2	293.2	3.15611715e-09	2.932e-06	0	0	2.49777e-06	0	0	3
217	15	4.67976335	1.73323126	293.2	293.2	293.2	293.2	2.99331759e-09	2.932e-06	0	0	2.53005e-06	0	0	3
218	15	4.70339556	1.7412185	293.2	293.2	293.2	293.2	2.87138846e-09	2.932e-06	0	0	2.52992e-06	0	0	3
219	15	4.72699142	1.74920574	293.2	293.2	293.2	293.2	2.64594746e-09	2.932e-06	0	0	2.51966e-06	0	0	3
220	15	4.75055552	1.75719298	293.2	293.2	293.2	293.2	2.457341e-09	2.932e-06	0	0	2.50375e-06	0	0	3
221	15	4.77410051	1.76518022	293.2	293.2	293.2	293.2	2.26572183e-09	2.932e-06	0	0	2.48314e-06	0	0	3
222	15	4.79764446	1.77316747	293.2	293.2	293.2	293.2	2.10440021e-09	2.932e-06	0	0	2.49264e-06	0	0	3
223	15	4.82119741	1.78115471	293.2	293.2	293.2	293.2	1.99770511e-09	2.932e-06	0	0	2.50735e-06	0	0	3
224	15	4.84476944	1.78914195	293.2	293.2	293.2	293.2	1.82745907e-09	2.932e-06	0	0	2.50635e-06	0	0	3
225	15	4.86837628	1.79712919	293.2	293.2	293.2	293.2	1.66573955e-09	2.932e-06	0	0	2.51354e-06	0	0	3
226	15	4.8920304	1.80511643	293.2	293.2	293.2	293.2	1.42404133e-09	2.932e-06	0	0	2.52362e-06	0	0	3
227	15	4.91572969	1.81310367	293.2	293.2	293.2	293.2	1.33354661e-09	2.932e-06	0	0	2.51892e-06	0	0	3
228	15	4.93938706	1.82109091	293.2	293.2	293.2	293.2	1.25731958e-09	2.932e-06	0	0	2.52546e-06	0	0	3
229	16	4.96300004	1.82907815	293.2	293.2	293.2	293.2	1.16745014e-09	2.932e-06	0	0	2.5254e-06	0	0	3
230	16	4.98657929	1.83706539	293.2	293.2	293.2	293.2	1.16745014e-09	2.932e-06	0	0	2.51227e-06	0	0	3
231	16	5.01013907	1.84505263	293.2	293.2	293.2	293.2	1.24566668e-09	2.932e-06	0	0	2.48877e-06	0	0	3
232	16	5.03369461	1.85303987	293.2	293.2	293.2	293.2	1.32041578e-09	2.932e-06	0	0	2.47412e-06	0	0	3
233	16	5.05725477	1.86102711	293.2	293.2	293.2	293.2	1.3776571e-09	2.932e-06	0	0	2.49807e-06	0	0	3
234	16	5.08083917	1.86901436	293.2	293.2	293.2	293.2	1.40329348e-09	2.932e-06	0	0	2.49702e-06	0	0	3
235	16	5.10445726	1.8770016	293.2	293.2	293.2	293.2	1.49231028e-09	2.932e-06	0	0	2.49632e-06	0	0	3
236	16	5.12811207	1.88498884	293.2	293.2	293.2	293.2	1.59178626e-09	2.932e-06	0	0	2.50702e-06	0	0	3
237	16	5.15179927	1.89297608	293.2	293.2	293.2	293.2	1.59178626e-09	2.932e-06	0	0	2.5068e-06	0	0	3
238	16	5.1754335	1.90096332	293.2	293.2	293.2	293.2	1.6722197e-09	2.932e-06	0	0	2.50845e-06	0	0	3
239	16	5.19902143	1.90895056	293.2	293.2	293.2	293.2	1.77743686e-09	2.932e-06	0	0	2.52096e-06	0	0	3
240	16	5.22258047	1.9169378	293.2	293.2	293.2	293.2	1.77743686e-09	2.932e-06	0	0	2.51007e-06	0	0	3
241	16	5.24612016	1.92492504	293.2	293.2	293.2	293.2	1.7780053e-09	2.932e-06	0	0	2.47877e-06	0	0	3
242	16	5.26964449	1.93291228	293.2	293.2	293.2	293.2	1.88128979e-09	2.932e-06	0	0	2.45931e-06	0	0	3
243	16	5.29317065	1.94089952	293.2	293.2	293.2	293.2	1.95439043e-09	2.932e-06	0	0	2.48871e-06	0	0	3
244	17	5.31671622	1.94888676	293.2	293.2	293.2	293.2	1.96257588e-09	2.932e-06	0	0	2.49821e-06	0	0	3
245	17	5.3402922	1.956874	293.2	293.2	293.2	293.2	2.00139993e-09	2.932e-06	0	0	2.49635e-06	0	0	3
246	17	5.3639039	1.96486125	293.2	293.2	293.2	293.2	2.07995754e-09	2.932e-06	0	0	2.49717e-06	0	0	3
247	17	5.3875651	1.97284849	293.2	293.2	293.2	293.2	2.13276508e-09	2.932e-06	0	0	2.50138e-06	0	0	3
248	17	5.41123684	1.98083573	293.2	293.2	293.2	293.2	2.05898232e-09	2.932e-06	0	0	2.49914e-06	0	0	3
249	17	5.43485758	1.98882297	293.2	293.2	293.2	293.2	2.12236273e-09	2.932e-06	0	0	2.49957e-06	0	0	3
250	17	5.45843839	1.99681021	293.2	293.2	293.2	293.2	2.11622364e-09	2.932e-06	0	0	2.50132e-06	0	0	3
251	17	5.48199648	2.00479745	293.2	293.2	293.2	293.2	2.01907824e-09	2.932e-06	0	0	2.47786e-06	0	0	3
252	17	5.50554174	2.01278469	293.2	293.2	293.2	293.2	2.01043804e-09	2.932e-06	0	0	2.4451e-06	0	0	3
253	17	5.52908486	2.02077193	293.2	293.2	293.2	293.2	2.02317096e-09	2.932e-06	0	0	2.46486e-06	0	0	3
254	17	5.55264285	2.02875917	293.2	293.2	293.2	293.2	2.00407158e-09	2.932e-06	0	0	2.47953e-06	0	0	3
255	17	5.57623	2.03674641	293.2	293.2	293.2	293.2	2.01163175e-09	2.932e-06	0	0	2.48522e-06	0	0	3
256	17	5.59985799	2.04473365	293.2	293.2	293.2	293.2	1.95905159e-09	2.932e-06	0	0	2.4887e-06	0	0	3
257	17	5.6235269	2.05272089	293.2	293.2	293.2	293.2	1.84894589e-09	2.932e-06	0	0	2.48098e-06	0	0	3
258	17	5.64717194	2.06070814	293.2	293.2	293.2	293.2	1.74406978e-09	2.932e-06	0	0	2.484e-06	0	0	3
259	18	5.67076761	2.06869538	293.2	293.2	293.2	293.2	1.6406716e-09	2.932e-06	0	0	2.4934e-06	0	0	3
260	18	5.69432599	2.07668262	293.2	293.2	293.2	293.2	1.53977453e-09	2.932e-06	0	0	2.48388e-06	0	0	3
261	18	5.71785848	2.08466986	293.2	293.2	293.2	293.2	1.44319756e-09	2.932e-06	0	0	2.462e-06	0	0	3
262	18	5.74137192	2.0926571	293.2	293.2	293.2	293.2	1.34991751e-09	2.932e-06	0	0	2.44002e-06	0	0	3
263	18	5.76488469	2.10064434	293.2	293.2	293.2	293.2	1.25976385e-09	2.932e-06	0	0	2.45718e-06	0	0	3
264	18	5.7884193	2.10863158	293.2	293.2	293.2	293.2	1.1734187e-09	2.932e-06	0	0	2.49167e-06	0	0	3
265	18	5.81197629	2.11661882	293.2	293.2	293.2	293.2	1.09065468e-09	2.932e-06	0	0	2.49679e-06	0	0	3
266	18	5.83556901	2.12460606	293.2	293.2	293.2	293.2	1.01135811e-09	2.932e-06	0	0	2.4757e-06	0	0	3
267	18	5.85922068	2.1325933	293.2	293.2	293.2	293.2	1.00942543e-09	2.932e-06	0	0	2.48159e-06	0	0	3
268	18	5.88288141	2.14058054	293.2	293.2	293.2	293.2	1.04222408e-09	2.932e-06	0	0	2.50836e-06	0	0	3
269	18	5.90650271	2.14856778	293.2	293.2	293.2	293.2	1.07428377e-09	2.932e-06	0	0	2.49744e-06	0	0	3
270	18	5.93007849	2.15655503	293.2	293.2	293.2	293.2	1.10617293e-09	2.932e-06	0	0	2.48308e-06	0	0	3
271	18	5.9536223	2.16454227	293.2	293.2	293.2	293.2	1.13942633e-09	2.932e-06	0	0	2.47698e-06	0	0	3
272	18	5.977155	2.17252951	293.2	293.2	293.2	293.2	1.17245236e-09	2.932e-06	0	0	2.43808e-06	0	0	3
273	18	6.00068574	2.18051675	293.2	293.2	293.2	293.2	1.20689947e-09	2.932e-06	0	0	2.45434e-06	0	0	3
274	18	6.02422562	2.18850399	293.2	293.2	293.2	293.2	1.24259714e-09	2.932e-06	0	0	2.48836e-06	0	0	3
275	19	6.04779213	2.19649123	293.2	293.2	293.2	293.2	1.27903377e-09	2.932e-06	0	0	2.48978e-06	0	0	3
276	19	6.07140479	2.20447847	293.2	293.2	293.2	293.2	1.3158683e-09	2.932e-06	0	0	2.48398e-06	0	0	3
277	19	6.09505883	2.21246571	293.2	293.2	293.2	293.2	1.35418077e-09	2.932e-06	0	0	2.48885e-06	0	0	3
278	19	6.11871331	2.22045295	293.2	293.2	293.2	293.2	1.3932322e-09	2.932e-06	0	0	2.49645e-06	0	0	3
279	19	6.14231435	2.22844019	293.2	293.2	293.2	293.2	1.43228363e-09	2.932e-06	0	0	2.49476e-06	0	0	3
280	19	6.16587045	2.23642743	293.2	293.2	293.2	293.2	1.47065293e-09	2.932e-06	0	0	2.49431e-06	0	0	3
281	19	6.18939513	2.24441467	293.2	293.2	293.2	293.2	1.5089654e-09	2.932e-06	0	0	2.48005e-06	0	0	3
282	19	6.21290171	2.25240192	293.2	293.2	293.2	293.2	1.54670943e-09	2.932e-06	0	0	2.45046e-06	0	0	3
283	19	6.23640296	2.26038916	293.2	293.2	293.2	293.2	1.58507873e-09	2.932e-06	0	0	2.44506e-06	0	0	3
284	19	6.25991406	2.2683764	293.2	293.2	293.2	293.2	1.62236802e-09	2.932e-06	0	0	2.4739e-06	0	0	3
285	19	6.28345392	2.27636364	293.2	293.2	293.2	293.2	1.65846359e-09	2.932e-06	0	0	2.49304e-06	0	0	3
286	19	6.30703076	2.28435088	293.2	293.2	293.2	293.2	1.69399073e-09	2.932e-06	0	0	2.49297e-06	0	0	3
287	19	6.33064814	2.29233812	293.2	293.2	293.2	293.2	1.72889258e-09	2.932e-06	0	0	2.47611e-06	0	0	3
288	19	6.35432091	2.30032536	293.2	293.2	293.2	293.2	1.76322601e-09	2.932e-06	0	0	2.50072e-06	0	0	3
289	19	6.37794927	2.3083126	293.2	293.2	293.2	293.2	1.79704784e-09	2.932e-06	0	0	2.52428e-06	0	0	3
