Iteration	CPUTime	PhysTime	Travels	Value	AvValue	MinValue	MaxValue	Delta	Criteria	Progress	dGMaxMin	CriteriaType	CriteriaVarType	CriteriaPercentage
1	1	0	0.0199681021	101325	101325	101325	101325	0	0	0	0	0.000194495	0	0	3
2	1	0	0.0399362042	101325	101325	101325	101325	1.82772055e-08	0	0	0	0.000159203	0	0	3
3	1	0	0.0599043063	101325	101325	101325	101325	3.39205144e-08	0	0	0	0.000121178	0	0	3
4	1	0	0.0798724083	101325	101325	101325	101325	4.07890184e-08	0	0	0	9.90765e-05	0	0	3
5	1	0	0.0998405104	101325	101325	101325	101325	4.26516635e-08	0	0	0	8.70284e-05	0	0	3
6	1	0	0.119808613	101325	101325	101325	101325	4.26516635e-08	0	0	0	8.06899e-05	0	0	3
7	1	0	0.139776715	101325	101325	101325	101325	4.26516635e-08	0	0	0	7.54296e-05	0	0	3
8	1	0	0.159744817	101325	101325	101325	101325	4.26516635e-08	0	0	0	7.09909e-05	0	0	3
9	1	0	0.179712919	101325	101325	101325	101325	4.26516635e-08	0	0	0	6.7241e-05	0	0	3
10	1	0	0.199681021	101325	101325	101325	101325	4.26516635e-08	0	0	0	6.3834e-05	0	0	3
11	1	0	0.219649123	101325	101325	101325	101325	4.26516635e-08	0	0	0	6.21665e-05	0	0	3
12	1	0	0.239617225	101325	101325	101325	101325	4.26516635e-08	0	0	0	5.96082e-05	0	0	3
13	2	0	0.259585327	101325	101325	101325	101325	4.26516635e-08	0	0	0	5.8254e-05	0	0	3
14	2	0	0.279553429	101325	101325	101325	101325	4.26516635e-08	0	0	0	5.61883e-05	0	0	3
15	2	0	0.299521531	101325	101325	101325	101325	4.4805347e-08	0	0	0	5.52868e-05	0	0	3
16	2	0	0.319489633	101325	101325	101325	101325	4.9258233e-08	0	0	0	5.376e-05	0	0	3
17	2	0	0.339457735	101325	101325	101325	101325	5.38275344e-08	0	0	0	5.31757e-05	0	0	3
18	2	0	0.359425838	101325	101325	101325	101325	5.8367732e-08	0	0	0	5.17055e-05	0	0	3
19	2	0	0.37939394	101325	101325	101325	101325	6.28788257e-08	0	0	0	5.12567e-05	0	0	3
20	2	0	0.399362042	101325	101325	101325	101325	6.73317118e-08	0	0	0	4.99712e-05	0	0	3
21	2	0	0.419330144	101325	101325	101325	101325	7.1755494e-08	0	0	0	4.9825e-05	0	0	3
22	2	0	0.439298246	101325	101325	101325	101325	7.61647243e-08	0	0	0	4.87277e-05	0	0	3
23	2	0	0.459266348	101325	101325	101325	101325	8.04429874e-08	0	0	0	4.85783e-05	0	0	3
24	2	0	0.47923445	101325	101325	101325	101325	8.45757313e-08	0	0	0	4.75425e-05	0	0	3
25	2	0	0.499202552	101325	101325	101325	101325	8.85193003e-08	0	0	0	4.74777e-05	0	0	3
26	2	0	0.519170654	101325	101325	101325	101325	9.23027983e-08	0	0	0	4.66436e-05	0	0	3
27	3	0	0.539138756	101325	101325	101325	101325	9.79198376e-08	0	0	0	4.67307e-05	0	0	3
28	3	0	0.559106858	101325	101325	101325	101325	1.04904757e-07	0	0	0	4.62568e-05	0	0	3
29	3	0	0.57907496	101325	101325	101325	101325	1.12922862e-07	0	0	0	4.60179e-05	0	0	3
30	3	0	0.599043063	101325	101325	101325	101325	1.20693585e-07	0	0	0	4.55974e-05	0	0	3
31	3	0	0.619011165	101325	101325	101325	101325	1.25481165e-07	0	0	0	4.5496e-05	0	0	3
32	3	0	0.638979267	101325	101325	101325	101325	1.26019586e-07	0	0	0	4.5191e-05	0	0	3
33	3	0	0.658947369	101325	101325	101325	101325	1.25146471e-07	0	0	0	4.51063e-05	0	0	3
34	3	0	0.678915471	101325	101325	101325	101325	1.24040525e-07	0	0	0	4.4931e-05	0	0	3
35	3	0	0.698883573	101325	101325	101325	101325	1.22789061e-07	0	0	0	4.47668e-05	0	0	3
36	3	0	0.718851675	101325	101325	101325	101325	1.16444426e-07	0	0	0	4.46692e-05	0	0	3
37	3	0	0.738819777	101325	101325	101325	101325	1.07189408e-07	0	0	0	4.45763e-05	0	0	3
38	3	0	0.758787879	101325	101325	101325	101325	9.84728104e-08	0	0	0	4.44904e-05	0	0	3
39	4	0	0.778755981	101325	101325	101325	101325	1.02692866e-07	0	0	0	4.44092e-05	0	0	3
40	4	0	0.798724083	101325	101325	101325	101325	1.05195795e-07	0	0	0	4.43336e-05	0	0	3
41	4	0	0.818692185	101325	101325	101325	101325	1.00742909e-07	0	0	0	4.42852e-05	0	0	3
42	4	0	0.838660288	101325	101325	101325	101325	9.61736077e-08	0	0	0	4.42401e-05	0	0	3
43	4	0	0.85862839	101325	101325	101325	101325	9.16334102e-08	0	0	0	4.41928e-05	0	0	3
44	4	0	0.878596492	101325	101325	101325	101325	8.71223165e-08	0	0	0	4.41458e-05	0	0	3
45	4	0	0.898564594	101325	101325	101325	101325	8.26694304e-08	0	0	0	4.40967e-05	0	0	3
46	4	0	0.918532696	101325	101325	101325	101325	7.82456482e-08	0	0	0	4.40497e-05	0	0	3
47	4	0	0.938500798	101325	101325	101325	101325	7.38364179e-08	0	0	0	4.40017e-05	0	0	3
48	4	0	0.9584689	101325	101325	101325	101325	6.95581548e-08	0	0	0	4.39549e-05	0	0	3
49	4	0	0.978437002	101325	101325	101325	101325	6.54254109e-08	0	0	0	4.39071e-05	0	0	3
50	4	0	0.998405104	101325	101325	101325	101325	6.14818418e-08	0	0	0	4.38609e-05	0	0	3
51	5	0	1.01837321	101325	101325	101325	101325	5.76983439e-08	0.00101325	0	0	4.38141e-05	0	0	3
52	5	0	1.03834131	101325	101325	101325	101325	5.20813046e-08	0.00101325	0	0	4.3769e-05	0	0	3
53	5	0	1.05830941	101325	101325	101325	101325	5.10481186e-08	0.00101325	0	0	4.3724e-05	0	0	3
54	5	0	1.07827751	101325	101325	101325	101325	5.58065949e-08	0.00101325	0	0	4.36806e-05	0	0	3
