Iteration	CPUTime	PhysTime	Travels	Value	AvValue	MinValue	MaxValue	Delta	Criteria	Progress	dGMaxMin	CriteriaType	CriteriaVarType	CriteriaPercentage
1	1	6.50512246e-06	0.00624454184	104.982628	104.982628	104.982628	104.982628	0	0	0	0	0	0	0	3
2	1	1.06037066e-05	0.0124890837	79.6300293	95.1832473	79.6300293	104.982628	9.79938075	0	0	0	0	0	0	3
3	1	1.47629998e-05	0.0187336255	64.4781568	86.5324665	64.4781568	104.982628	18.4501615	0	0	0	0	0	0	3
4	1	1.89739938e-05	0.0249781673	64.2403674	81.5850687	64.2403674	104.982628	23.3975593	0	0	0	0	0	0	3
5	1	2.33188437e-05	0.0312227092	67.3700949	78.9364842	64.2403674	104.982628	26.0461438	0	0	0	0	0	0	3
6	1	3.0512884e-05	0.037467251	68.508013	76.4777575	64.2403674	104.982628	28.5048705	0	0	0	0	0	0	3
7	1	3.85844872e-05	0.0437117929	71.1466714	75.3625318	64.2403674	104.982628	29.6200962	0	0	0	0	0	0	3
8	2	4.70321419e-05	0.0499563347	74.0216134	75.1216834	64.2403674	104.982628	29.8609446	0	0	0	0	0	0	3
9	2	5.56536416e-05	0.0562008765	75.792191	75.2255541	64.2403674	104.982628	29.8609446	0	0	0	0	0	0	3
10	2	6.44025681e-05	0.0624454184	78.8643544	75.7198759	64.2403674	104.982628	29.8609446	0	0	0	0	0	0	3
11	2	7.76871264e-05	0.0686899602	104.576926	80.6544537	64.2403674	104.982628	29.8609446	0	0	0	0	0	0	3
12	2	9.1152361e-05	0.074934502	103.69825	84.0585358	64.2403674	104.982628	29.8609446	0	0	0	0	0	0	3
13	2	0.000104752316	0.0811790439	111.030405	87.5602837	64.2403674	111.030405	29.8609446	0	0	0	0	0	0	3
14	2	0.000118448182	0.0874235857	110.305162	90.1902169	64.2403674	111.030405	29.8609446	0	0	0	0	0	0	3
15	2	0.000132210507	0.0936681275	120.175895	93.3115472	64.2403674	120.175895	29.8609446	0	0	0	0	0	0	3
16	2	0.000152921098	0.0999126694	124.66253	97.5575106	64.2403674	124.66253	29.8609446	0	0	0	0	0	0	3
17	2	0.000173684181	0.106157211	123.733061	100.686668	64.2403674	124.66253	29.8609446	0	0	0	0	0	0	3
18	2	0.000194478849	0.112401753	134.13329	104.262951	64.2403674	134.13329	29.8609446	0	0	0	0	0	0	3
19	3	0.00021529578	0.118646295	143.400571	108.047164	64.2403674	143.400571	32.9254808	0	0	0	0	0	0	3
20	3	0.000236131681	0.124890837	140.65621	110.924537	64.2403674	143.400571	35.8028535	0	0	0	0	0	0	3
21	3	0.000267412527	0.131135379	142.615006	114.631561	64.2403674	143.400571	39.5098776	0	0	0	0	0	0	3
22	3	0.000298726623	0.13737992	148.923001	118.22617	64.2403674	148.923001	43.1044867	0	0	0	0	0	0	3
23	3	0.000330066864	0.143624462	152.482578	121.478857	64.2403674	152.482578	46.3571733	0	0	0	0	0	0	3
24	3	0.000361420165	0.149869004	148.740201	123.843786	64.2403674	152.482578	48.7221025	0	0	0	0	0	0	3
25	3	0.000392772482	0.156113546	151.680296	126.065782	64.2403674	152.482578	50.9440991	0	0	0	0	0	0	3
26	3	0.000439779396	0.162358088	156.999658	129.372227	64.2403674	156.999658	54.2505432	0	0	0	0	0	0	3
27	3	0.00048673166	0.16860263	162.512501	132.569082	64.2403674	162.512501	57.447399	0	0	0	0	0	0	3
28	3	0.000533612304	0.174847171	157.478092	134.75747	64.2403674	162.512501	59.6357863	0	0	0	0	0	0	3
29	3	0.000580418667	0.181091713	160.433032	136.828009	64.2403674	162.512501	61.7063257	0	0	0	0	0	0	3
30	4	0.000627151285	0.187336255	162.964468	138.775586	64.2403674	162.964468	63.6539023	0	0	0	0	0	0	3
31	4	0.000688598872	0.193580797	169.336491	141.502709	64.2403674	169.336491	66.3810254	0	0	0	0	0	0	3
32	4	0.000749944544	0.199825339	164.891866	143.415948	64.2403674	169.336491	68.2942649	0	0	0	0	0	0	3
33	4	0.000811197108	0.206069881	166.153079	145.132803	64.2403674	169.336491	70.0111196	0	0	0	0	0	0	3
34	4	0.000872372561	0.212314422	167.077482	146.671682	64.2403674	169.336491	71.5499984	0	0	0	0	0	0	3
35	4	0.000933488199	0.218558964	169.246674	148.149671	64.2403674	169.336491	73.0279872	0	0	0	0	0	0	3
36	4	0.000994558634	0.224803506	176.495516	149.890235	64.2403674	176.495516	74.7685513	0	0	0	0	0	0	3
37	4	0.00105559606	0.231048048	171.198653	151.122345	64.2403674	176.495516	76.0006619	0	0	0	0	0	0	3
38	4	0.0011166096	0.23729259	168.489183	152.0713	64.2403674	176.495516	76.9496168	0	0	0	0	0	0	3
39	4	0.00117760559	0.243537132	171.305701	153.067577	64.2403674	176.495516	77.9458939	0	0	0	0	0	0	3
40	5	0.00123859033	0.249781673	177.743494	154.282551	64.2403674	177.743494	79.1608672	0	0	0	0	0	0	3
41	5	0.00129957027	0.256026215	179.88114	155.483717	64.2403674	179.88114	80.3620339	0	0	0	0	0	0	3
42	5	0.00136055191	0.262270757	173.87661	156.30811	64.2403674	179.88114	81.1864263	0	0	0	0	0	0	3
43	5	0.00142154009	0.268515299	171.915494	156.977712	64.2403674	179.88114	81.8560283	0	0	0	0	0	0	3
44	5	0.00148253747	0.274759841	176.793061	157.792992	64.2403674	179.88114	82.6713091	0	0	0	0	0	0	3
45	5	0.00154354596	0.281004383	182.87425	158.784327	64.2403674	182.87425	83.6626431	0	0	0	0	0	0	3
46	5	0.00160456758	0.287248924	182.345023	159.680339	64.2403674	182.87425	84.5586553	0	0	0	0	0	0	3
47	5	0.00166560401	0.293493466	176.9515	160.313244	64.2403674	182.87425	85.1915607	0	0	0	0	0	0	3
48	5	0.00172665603	0.299738008	178.513329	160.956772	64.2403674	182.87425	85.835089	0	0	0	0	0	0	3
49	5	0.00178772435	0.30598255	183.024324	161.710596	64.2403674	183.024324	86.5889123	0	0	0	0	0	0	3
50	5	0.00184881149	0.312227092	188.083975	162.582006	64.2403674	188.083975	87.4603231	0	0	0	0	0	0	3
51	6	0.00190991931	0.318471634	183.882854	163.263527	64.2403674	188.083975	88.1418431	0	0	0	0	0	0	3
52	6	0.00197104866	0.324716175	182.156714	163.849473	64.2403674	188.083975	88.7277893	0	0	0	0	0	0	3
53	6	0.00203220002	0.330960717	184.961057	164.484746	64.2403674	188.083975	89.3630624	0	0	0	0	0	0	3
54	6	0.00209337324	0.337205259	191.083571	165.262025	64.2403674	191.083571	90.1403417	0	0	0	0	0	0	3
55	6	0.00215456887	0.343449801	185.089646	165.825184	64.2403674	191.083571	90.7035002	0	0	0	0	0	0	3
56	6	0.00221578673	0.349694343	185.851211	166.378464	64.2403674	191.083571	91.2567803	0	0	0	0	0	0	3
57	6	0.00227702662	0.355938885	192.840988	167.090165	64.2403674	192.840988	91.9684813	0	0	0	0	0	0	3
58	6	0.00233828847	0.362183426	191.302544	167.724515	64.2403674	192.840988	92.6028321	0	0	0	0	0	0	3
59	6	0.0023995722	0.368427968	189.852074	168.289641	64.2403674	192.840988	93.1679575	0	0	0	0	0	0	3
60	6	0.00246087776	0.37467251	192.457806	168.89172	64.2403674	192.840988	93.7700366	0	0	0	0	0	0	3
61	7	0.002522205	0.380917052	191.45192	169.44027	64.2403674	192.840988	94.3185863	0	0	0	0	0	0	3
62	7	0.00258355353	0.387161594	186.904598	169.854974	64.2403674	192.840988	94.7332906	0	0	0	0	0	0	3
63	7	0.00264492266	0.393406136	194.854826	170.435036	64.2403674	194.854826	95.3133526	0	0	0	0	0	0	3
64	7	0.00270631222	0.399650678	194.421891	170.97915	64.2403674	194.854826	95.8574667	0	0	0	0	0	0	3
65	7	0.00276772179	0.405895219	191.321471	171.430501	64.2403674	194.854826	96.3088174	0	0	0	0	0	0	3
66	7	0.00282915067	0.412139761	192.467832	171.887281	64.2403674	194.854826	96.7655974	0	0	0	0	0	0	3
67	7	0.00289059824	0.418384303	196.665759	172.414015	64.2403674	196.665759	97.2923318	0	0	0	0	0	0	3
68	7	0.00295206397	0.424628845	200.133258	172.991165	64.2403674	200.133258	97.8694816	0	0	0	0	0	0	3
69	7	0.00301354763	0.430873387	193.816654	173.416055	64.2403674	200.133258	98.294372	0	0	0	0	0	0	3
70	7	0.00307510149	0.437117929	191.923813	173.786523	64.2403674	200.133258	98.6648391	0	0	0	0	0	0	3
71	8	0.00313690541	0.44336247	198.634333	174.276079	64.2403674	200.133258	99.1543954	0	0	0	0	0	0	3
72	8	0.00319879666	0.449607012	197.824868	174.731708	64.2403674	200.133258	99.6100243	0	0	0	0	0	0	3
73	8	0.00326076524	0.455851554	193.865105	175.095325	64.2403674	200.133258	99.9736412	0	0	0	0	0	0	3
74	8	0.00332267351	0.462096096	193.649046	175.441019	64.2403674	200.133258	100.319335	0	0	0	0	0	0	3
75	8	0.00338459537	0.468340638	200.318148	175.896151	64.2403674	200.318148	100.774468	0	0	0	0	0	0	3
76	8	0.00344645545	0.47458518	198.262508	176.297602	64.2403674	200.318148	101.175919	0	0	0	0	0	0	3
77	8	0.00350835914	0.480829721	198.49583	176.689282	64.2403674	200.318148	101.567598	0	0	0	0	0	0	3
78	8	0.00357023192	0.487074263	199.142234	177.078396	64.2403674	200.318148	101.956712	0	0	0	0	0	0	3
79	8	0.00363216609	0.493318805	199.537173	177.461353	64.2403674	200.318148	102.33967	0	0	0	0	0	0	3
80	8	0.00369407678	0.499563347	199.736731	177.834676	64.2403674	200.318148	102.712993	0	0	0	0	0	0	3
81	9	0.00375604815	0.505807889	196.455785	178.141908	64.2403674	200.318148	103.020224	0	0	0	0	0	0	3
82	9	0.00381799341	0.512052431	197.818954	178.586566	64.2403674	200.318148	103.464883	0	0	0	0	0	0	3
83	9	0.00387999588	0.518296972	202.094136	179.068065	64.2403674	202.094136	103.946382	0	0	0	0	0	0	3
84	9	0.00394196818	0.524541514	200.669212	179.530299	64.2403674	202.094136	104.408615	0	0	0	0	0	0	3
85	9	0.00400399661	0.530786056	197.793292	179.936397	67.3700949	202.094136	104.814713	0	0	0	0	0	0	3
86	9	0.00406599527	0.537030598	198.812994	180.346869	68.508013	202.094136	105.225186	0	0	0	0	0	0	3
87	9	0.00412804942	0.54327514	206.314337	180.936483	71.1466714	206.314337	105.814799	0	0	0	0	0	0	3
88	9	0.00419007322	0.549519682	202.957729	181.478944	74.0216134	206.314337	106.35726	0	0	0	0	0	0	3
89	9	0.00425215387	0.555764223	198.202129	181.9417	75.792191	206.314337	106.716146	0	0	0	0	0	0	3
90	9	0.00431420377	0.562008765	199.870127	182.417831	78.8643544	206.314337	106.697955	0	0	0	0	0	0	3
91	9	0.00437630984	0.568253307	205.095949	182.954584	103.69825	206.314337	102.30013	0	0	0	0	0	0	3
92	10	0.00443838457	0.574497849	204.839123	183.504884	103.69825	206.314337	99.4463478	0	0	0	0	0	0	3
93	10	0.00450051583	0.580742391	201.528954	184.002568	110.305162	206.314337	96.0091745	0	0	0	0	0	0	3
94	10	0.00456261675	0.586986933	201.93384	184.474984	110.305162	206.314337	94.2847675	0	0	0	0	0	0	3
95	10	0.00462477484	0.593231474	206.220823	185.000357	120.175895	206.314337	86.1384414	0	0	0	0	0	0	3
96	10	0.00468690215	0.599476016	202.844441	185.439627	123.733061	206.314337	82.5812751	0	0	0	0	0	0	3
97	10	0.00474908646	0.605720558	203.782427	185.961663	123.733061	206.314337	82.5812751	0	0	0	0	0	0	3
98	10	0.00481123933	0.6119651	207.895039	186.534223	134.13329	207.895039	73.7617494	0	0	0	0	0	0	3
99	10	0.00487344951	0.618209642	208.45089	187.058505	140.65621	208.45089	67.7946798	0	0	0	0	0	0	3
100	10	0.00493562821	0.624454184	201.77461	187.444888	140.65621	208.45089	67.7946798	0	0	0	0	0	0	3
101	11	0.00499786447	0.630698725	204.322332	187.87021	142.615006	208.45089	65.835884	0	0	0	0	0	0	3
102	11	0.00506006881	0.636943267	207.228134	188.416832	148.740201	208.45089	59.7106892	0	0	0	0	0	0	3
103	11	0.00512233063	0.643187809	207.556274	188.920266	148.740201	208.45089	59.7106892	0	0	0	0	0	0	3
104	11	0.00518455998	0.649432351	203.849074	189.346877	148.740201	208.45089	59.7106892	0	0	0	0	0	0	3
105	11	0.00524684646	0.655676893	209.65563	189.866404	151.680296	209.65563	57.9753347	0	0	0	0	0	0	3
106	11	0.00530909936	0.661921435	208.083079	190.340592	156.999658	209.65563	52.6559723	0	0	0	0	0	0	3
107	11	0.00537140935	0.668165976	205.910635	190.855113	157.478092	209.65563	52.1775387	0	0	0	0	0	0	3
108	11	0.00543368529	0.674410518	208.058493	191.340685	157.478092	209.65563	52.1775387	0	0	0	0	0	0	3
109	11	0.00549601758	0.68065506	209.469232	191.888302	160.433032	209.65563	49.2225979	0	0	0	0	0	0	3
110	11	0.00555831439	0.686899602	208.813874	192.395889	162.964468	209.65563	46.6911618	0	0	0	0	0	0	3
111	11	0.00562066729	0.693144144	207.273764	192.857104	164.891866	209.65563	44.7637647	0	0	0	0	0	0	3
112	12	0.00568298433	0.699388686	211.899038	193.38408	164.891866	211.899038	47.0071723	0	0	0	0	0	0	3
113	12	0.00574535689	0.705633227	212.136573	193.968119	166.153079	212.136573	45.983494	0	0	0	0	0	0	3
114	12	0.00580769266	0.711877769	207.690517	194.480306	167.077482	212.136573	45.0590914	0	0	0	0	0	0	3
115	12	0.00587008375	0.718122311	211.767223	195.031544	168.489183	212.136573	43.6473904	0	0	0	0	0	0	3
116	12	0.00593243802	0.724366853	211.365562	195.550524	168.489183	212.136573	43.6473904	0	0	0	0	0	0	3
117	12	0.00599484798	0.730611395	210.103049	195.964884	168.489183	212.136573	43.6473904	0	0	0	0	0	0	3
118	12	0.00605722051	0.736855937	212.226951	196.469915	168.489183	212.226951	43.7377682	0	0	0	0	0	0	3
119	12	0.00611964841	0.743100479	216.231776	197.057737	171.305701	216.231776	43.9901592	0	0	0	0	0	0	3
120	12	0.00618203929	0.74934502	212.537963	197.564606	171.915494	216.231776	43.2820556	0	0	0	0	0	0	3
121	12	0.00624448582	0.755589562	214.379998	198.015844	171.915494	216.231776	42.5321265	0	0	0	0	0	0	3
122	12	0.0063068947	0.761834104	216.418131	198.466048	171.915494	216.418131	42.1579385	0	0	0	0	0	0	3
123	13	0.00636935873	0.768078646	218.804343	199.019057	171.915494	218.804343	42.0413456	0	0	0	0	0	0	3
124	13	0.00643178579	0.774323188	214.122045	199.537162	176.793061	218.804343	41.7441696	0	0	0	0	0	0	3
125	13	0.00649426862	0.78056773	217.486722	200.037762	176.9515	218.804343	41.253435	0	0	0	0	0	0	3
126	13	0.00655671273	0.786812271	216.673963	200.453856	176.9515	218.804343	40.7735176	0	0	0	0	0	0	3
127	13	0.00661921185	0.793056813	216.184223	200.87027	176.9515	218.804343	40.5570255	0	0	0	0	0	0	3
128	13	0.00668167183	0.799301355	218.400513	201.379604	178.513329	218.804343	40.2910147	0	0	0	0	0	0	3
129	13	0.00674418627	0.805545897	220.624473	201.897611	182.156714	220.624473	38.4677582	0	0	0	0	0	0	3
130	13	0.00680666026	0.811790439	215.90484	202.30161	182.156714	220.624473	38.4677582	0	0	0	0	0	0	3
131	13	0.00686918941	0.818034981	221.246298	202.710565	182.156714	221.246298	39.0895841	0	0	0	0	0	0	3
132	13	0.00693167871	0.824279522	220.333097	203.158962	182.156714	221.246298	39.0895841	0	0	0	0	0	0	3
133	13	0.00699422418	0.830524064	218.427763	203.604666	184.961057	221.246298	36.2852413	0	0	0	0	0	0	3
134	14	0.00705673046	0.836768606	219.236491	204.026032	185.089646	221.246298	36.1566528	0	0	0	0	0	0	3
135	14	0.00711929399	0.843013148	220.190143	204.384776	185.089646	221.246298	36.1566528	0	0	0	0	0	0	3
136	14	0.00718181849	0.84925769	215.172326	204.753817	185.851211	221.246298	35.395087	0	0	0	0	0	0	3
137	14	0.00724439956	0.855502232	220.086366	205.174749	186.904598	221.246298	34.3417004	0	0	0	0	0	0	3
138	14	0.00730694057	0.861746773	221.017302	205.521898	186.904598	221.246298	34.3417004	0	0	0	0	0	0	3
139	14	0.00736953724	0.867991315	218.419935	205.855508	186.904598	221.246298	34.3417004	0	0	0	0	0	0	3
140	14	0.00743209246	0.874235857	218.837089	206.211755	186.904598	221.246298	34.3417004	0	0	0	0	0	0	3
141	14	0.00749470212	0.880480399	218.167302	206.527961	186.904598	221.246298	34.3417004	0	0	0	0	0	0	3
142	14	0.00755726871	0.886724941	219.644342	206.874574	186.904598	221.246298	34.3417004	0	0	0	0	0	0	3
143	14	0.00761988883	0.892969483	223.644644	207.326345	191.321471	223.644644	32.3231731	0	0	0	0	0	0	3
144	14	0.00768246564	0.899214024	218.795243	207.620745	191.321471	223.644644	32.3231731	0	0	0	0	0	0	3
145	15	0.00774509658	0.905458566	220.418354	207.940624	191.321471	223.644644	32.3231731	0	0	0	0	0	0	3
146	15	0.00780768476	0.911703108	222.31229	208.321593	191.923813	223.644644	31.7208314	0	0	0	0	0	0	3
147	15	0.00787032788	0.91794765	223.936021	208.708807	191.923813	223.936021	32.0122084	0	0	0	0	0	0	3
148	15	0.00793292914	0.924192192	220.209983	208.998357	191.923813	223.936021	32.0122084	0	0	0	0	0	0	3
149	15	0.00799558576	0.930436734	224.453371	209.298397	191.923813	224.453371	32.529558	0	0	0	0	0	0	3
150	15	0.00805820019	0.936681275	222.478409	209.650677	191.923813	224.453371	32.529558	0	0	0	0	0	0	3
151	15	0.00812086966	0.942925817	220.84771	210.005999	193.649046	224.453371	30.8043245	0	0	0	0	0	0	3
152	15	0.00818349619	0.949170359	221.922676	210.293146	193.649046	224.453371	30.8043245	0	0	0	0	0	0	3
153	15	0.0082461765	0.955414901	223.616405	210.611486	193.649046	224.453371	30.8043245	0	0	0	0	0	0	3
154	15	0.0083088126	0.961659443	219.453134	210.926767	193.649046	224.453371	30.8043245	0	0	0	0	0	0	3
155	15	0.00837150158	0.967903985	225.475633	211.319272	196.455785	225.475633	29.019848	0	0	0	0	0	0	3
156	16	0.00843414583	0.974148526	223.27517	211.602501	196.455785	225.475633	29.019848	0	0	0	0	0	0	3
157	16	0.00849684309	0.980393068	221.417484	211.887743	196.455785	225.475633	29.019848	0	0	0	0	0	0	3
158	16	0.00855949569	0.98663761	224.152699	212.203997	196.455785	225.475633	29.019848	0	0	0	0	0	0	3
159	16	0.00862220149	0.992882152	225.415117	212.527946	196.455785	225.475633	29.019848	0	0	0	0	0	0	3
160	16	0.00868486288	0.999126694	221.462218	212.797981	196.455785	225.475633	29.019848	0	0	0	0	0	0	3
161	16	0.00874757768	1.00537124	226.221765	213.124587	196.455785	226.221765	29.7659791	4.85944191	0	16.3	0	0	0	3
162	16	0.00881024765	1.01161578	224.219967	213.466547	197.793292	226.221765	28.428473	4.85944191	0	17	0	0	0	3
163	16	0.00887297064	1.01786032	222.094969	213.76536	197.793292	226.221765	28.428473	4.85944191	0	17	0	0	0	3
164	16	0.00893564807	1.02410486	225.900234	214.058938	197.793292	226.221765	28.428473	4.85944191	0	17	0	0	0	3
165	16	0.00899837771	1.0303494	227.870495	214.394391	197.793292	227.870495	30.0772036	4.85944191	0	16.1	0	0	0	3
166	17	0.00906106153	1.03659394	223.540754	214.711387	198.202129	227.870495	29.6683657	4.85944191	0	16.3	0	0	0	3
167	17	0.00912379746	1.04283849	228.225123	215.073891	198.202129	228.225123	30.0229939	4.85944191	0	16.1	0	0	0	3
168	17	0.00918648765	1.04908303	226.111314	215.318138	198.202129	228.225123	30.0229939	4.85944191	0	16.1	0	0	0	3
169	17	0.00924922983	1.05532757	223.59963	215.572377	198.202129	228.225123	30.0229939	4.85944191	0	16.1	0	0	0	3
170	17	0.00931192609	1.06157211	225.672466	215.910652	199.870127	228.225123	28.3549964	4.85944191	0	17.1	0	0	0	3
171	17	0.00937467451	1.06781665	230.025232	216.282353	201.528954	230.025232	28.4962786	4.85944191	0	17	0	0	0	3
172	17	0.00943737706	1.0740612	224.485832	216.52126	201.528954	230.025232	28.4962786	4.85944191	0	17	0	0	0	3
173	17	0.00950013175	1.08030574	224.634081	216.765105	201.528954	230.025232	28.4962786	4.85944191	0	17	0	0	0	3
174	17	0.00956283965	1.08655028	226.923526	217.077937	201.77461	230.025232	28.2506219	4.85944191	0	17.2	0	0	0	3
175	17	0.00962559771	1.09279482	230.920032	217.435269	201.77461	230.920032	29.1454214	4.85944191	0	16.6	0	0	0	3
176	17	0.00968831079	1.09903936	225.826878	217.676865	201.77461	230.920032	29.1454214	4.85944191	0	16.6	0	0	0	3
177	18	0.00975107581	1.10528391	227.496852	217.980537	201.77461	230.920032	29.1454214	4.85944191	0	16.6	0	0	0	3
178	18	0.0098137941	1.11152845	228.951219	218.290716	201.77461	230.920032	29.1454214	4.85944191	0	16.6	0	0	0	3
179	18	0.00987656424	1.11777299	229.720172	218.559909	201.77461	230.920032	29.1454214	4.85944191	0	16.6	0	0	0	3
180	18	0.00993928817	1.12401753	225.985941	218.775998	201.77461	230.920032	29.1454214	4.85944191	0	16.6	0	0	0	3
181	18	0.0100020639	1.13026207	227.583569	219.093781	203.849074	230.920032	27.0709574	4.85944191	0	17.9	0	0	0	3
182	18	0.0100647929	1.13650661	226.707369	219.369473	203.849074	230.920032	27.0709574	4.85944191	0	17.9	0	0	0	3
183	18	0.0101275736	1.14275116	226.535838	219.607293	203.849074	230.920032	27.0709574	4.85944191	0	17.9	0	0	0	3
184	18	0.0101903075	1.1489957	231.600724	219.903804	203.849074	231.600724	27.7516497	4.85944191	0	17.5	0	0	0	3
185	18	0.0102530927	1.15524024	232.211689	220.253378	205.910635	232.211689	26.3010539	4.85944191	0	18.4	0	0	0	3
186	18	0.0103158313	1.16148478	227.387703	220.471902	205.910635	232.211689	26.3010539	4.85944191	0	18.4	0	0	0	3
187	18	0.0103786214	1.16772932	230.751433	220.751355	205.910635	232.211689	26.3010539	4.85944191	0	18.4	0	0	0	3
188	19	0.0104413651	1.17397387	228.956043	221.035286	207.273764	232.211689	24.937925	4.85944191	0	19.4	0	0	0	3
189	19	0.0105041607	1.18021841	228.192264	221.283304	207.273764	232.211689	24.937925	4.85944191	0	19.4	0	0	0	3
190	19	0.0105669103	1.18646295	227.387721	221.504064	207.273764	232.211689	24.937925	4.85944191	0	19.4	0	0	0	3
191	19	0.0106297102	1.19270749	230.199398	221.767625	207.273764	232.211689	24.937925	4.85944191	0	19.4	0	0	0	3
192	19	0.0106924648	1.19895203	226.199494	222.00065	207.690517	232.211689	24.5211724	4.85944191	0	19.8	0	0	0	3
193	19	0.0107552694	1.20519657	231.244934	222.239218	207.690517	232.211689	24.5211724	4.85944191	0	19.8	0	0	0	3
194	19	0.0108180266	1.21144112	230.398828	222.464386	207.690517	232.211689	24.5211724	4.85944191	0	19.8	0	0	0	3
195	19	0.0108808354	1.21768566	228.467434	222.72024	210.103049	232.211689	22.1086407	4.85944191	0	21.9	0	0	0	3
196	19	0.0109435985	1.2239302	228.840984	222.930652	210.103049	232.211689	22.1086407	4.85944191	0	21.9	0	0	0	3
197	19	0.0110064116	1.23017474	232.793342	223.194871	210.103049	232.793342	22.6902938	4.85944191	0	21.4	0	0	0	3
198	19	0.0110691783	1.23641928	231.136874	223.454127	212.226951	232.793342	20.5663915	4.85944191	0	23.6	0	0	0	3
199	20	0.0111319956	1.24266383	229.698757	223.669415	212.537963	232.793342	20.2553798	4.85944191	0	23.9	0	0	0	3
200	20	0.0111947672	1.24890837	228.343415	223.818715	212.537963	232.793342	20.2553798	4.85944191	0	23.9	0	0	0	3
201	20	0.0112575902	1.25515291	230.191768	224.036265	214.122045	232.793342	18.6712974	4.85944191	0	26	0	0	0	3
202	20	0.0113203673	1.26139745	227.18512	224.194007	214.122045	232.793342	18.6712974	4.85944191	0	26	0	0	0	3
203	20	0.0113831938	1.26764199	233.988325	224.410823	214.122045	233.988325	19.8662796	4.85944191	0	24.4	0	0	0	3
204	20	0.0114459738	1.27388653	232.507503	224.579935	214.122045	233.988325	19.8662796	4.85944191	0	24.4	0	0	0	3
205	20	0.0115088054	1.28013108	229.514465	224.769593	215.172326	233.988325	18.8159986	4.85944191	0	25.8	0	0	0	3
206	20	0.0115715908	1.28637562	231.66798	224.944522	215.172326	233.988325	18.8159986	4.85944191	0	25.8	0	0	0	3
207	20	0.0116344268	1.29262016	232.767451	225.143039	215.172326	233.988325	18.8159986	4.85944191	0	25.8	0	0	0	3
208	20	0.0116972164	1.2988647	228.634012	225.296468	215.172326	233.988325	18.8159986	4.85944191	0	25.8	0	0	0	3
209	21	0.0117600561	1.30510924	230.092105	225.440624	215.172326	233.988325	18.8159986	4.85944191	0	25.8	0	0	0	3
210	21	0.0118228501	1.31135379	230.127027	225.557851	215.172326	233.988325	18.8159986	4.85944191	0	25.8	0	0	0	3
211	21	0.0118856945	1.31759833	229.928709	225.730668	215.172326	233.988325	18.8159986	4.85944191	0	25.8	0	0	0	3
212	21	0.0119484943	1.32384287	230.873568	225.84946	215.172326	233.988325	18.8159986	4.85944191	0	25.8	0	0	0	3
213	21	0.012011344	1.33008741	233.205099	226.008331	215.172326	233.988325	18.8159986	4.85944191	0	25.8	0	0	0	3
214	21	0.0120741472	1.33633195	229.673549	226.146978	215.172326	233.988325	18.8159986	4.85944191	0	25.8	0	0	0	3
215	21	0.012137001	1.34257649	232.376354	226.309074	215.172326	233.988325	18.8159986	4.85944191	0	25.8	0	0	0	3
216	21	0.0121998089	1.34882104	234.175032	226.481668	215.172326	234.175032	19.0027058	4.85944191	0	25.5	0	0	0	3
217	21	0.0122626675	1.35506558	235.207923	226.728798	218.167302	235.207923	17.0406216	4.85944191	0	28.5	0	0	0	3
218	21	0.0123254804	1.36131012	229.346344	226.842968	218.167302	235.207923	17.0406216	4.85944191	0	28.5	0	0	0	3
219	21	0.012388344	1.36755466	231.306168	226.969884	218.167302	235.207923	17.0406216	4.85944191	0	28.5	0	0	0	3
220	22	0.0124511615	1.3737992	230.568061	227.119684	218.167302	235.207923	17.0406216	4.85944191	0	28.5	0	0	0	3
221	22	0.0125140298	1.38004375	230.185423	227.259564	218.167302	235.207923	17.0406216	4.85944191	0	28.5	0	0	0	3
222	22	0.0125768518	1.38628829	234.150117	227.456752	218.795243	235.207923	16.4126804	4.85944191	0	29.6	0	0	0	3
223	22	0.0126397234	1.39253283	233.88012	227.632384	218.795243	235.207923	16.4126804	4.85944191	0	29.6	0	0	0	3
224	22	0.0127025492	1.39877737	228.997448	227.698388	218.795243	235.207923	16.4126804	4.85944191	0	29.6	0	0	0	3
225	22	0.012765426	1.40502191	232.84777	227.871694	219.453134	235.207923	15.7547896	4.85944191	0	30.8	0	0	0	3
226	22	0.0128282566	1.41126645	231.353827	228.00657	219.453134	235.207923	15.7547896	4.85944191	0	30.8	0	0	0	3
227	22	0.0128911375	1.417511	231.530717	228.120271	219.453134	235.207923	15.7547896	4.85944191	0	30.8	0	0	0	3
228	22	0.0129539716	1.42375554	230.667346	228.203313	219.453134	235.207923	15.7547896	4.85944191	0	30.8	0	0	0	3
229	22	0.0130168551	1.43000008	229.058043	228.312312	219.453134	235.207923	15.7547896	4.85944191	0	30.8	0	0	0	3
230	22	0.0130796931	1.43624462	228.715183	228.364849	219.453134	235.207923	15.7547896	4.85944191	0	30.8	0	0	0	3
231	22	0.0131425805	1.44248916	234.81565	228.517129	219.453134	235.207923	15.7547896	4.85944191	0	30.8	0	0	0	3
232	23	0.0132054217	1.44873371	233.923164	228.678473	219.453134	235.207923	15.7547896	4.85944191	0	30.8	0	0	0	3
233	23	0.0132683128	1.45497825	230.964193	228.789951	219.453134	235.207923	15.7547896	4.85944191	0	30.8	0	0	0	3
234	23	0.0133311574	1.46122279	229.340873	228.860531	219.453134	235.207923	15.7547896	4.85944191	0	30.8	0	0	0	3
235	23	0.0133940514	1.46746733	230.292532	228.994115	221.417484	235.207923	13.7904393	4.85944191	0	35.2	0	0	0	3
236	23	0.0134568986	1.47371187	228.195096	229.027614	221.417484	235.207923	13.7904393	4.85944191	0	35.2	0	0	0	3
237	23	0.0135197936	1.47995642	231.337822	229.127042	221.417484	235.207923	13.7904393	4.85944191	0	35.2	0	0	0	3
238	23	0.0135826415	1.48620096	230.220732	229.235601	221.462218	235.207923	13.7457054	4.85944191	0	35.3	0	0	0	3
239	23	0.0136455394	1.4924455	227.81726	229.280674	221.462218	235.207923	13.7457054	4.85944191	0	35.3	0	0	0	3
240	23	0.013708391	1.49869004	227.752708	229.30945	221.462218	235.207923	13.7457054	4.85944191	0	35.3	0	0	0	3
241	23	0.0137712912	1.50493458	232.644674	229.447367	222.094969	235.207923	13.112954	4.85944191	0	37	0	0	0	3
242	23	0.0138341441	1.51117912	231.309224	229.510143	222.094969	235.207923	13.112954	4.85944191	0	37	0	0	0	3
243	24	0.0138970463	1.51742367	230.293747	229.585008	222.094969	235.207923	13.112954	4.85944191	0	37	0	0	0	3
244	24	0.0139599019	1.52366821	231.355828	229.699243	223.540754	235.207923	11.6671687	4.85944191	0	41.6	0	0	0	3
245	24	0.0140228063	1.52991275	233.29945	229.790567	223.540754	235.207923	11.6671687	4.85944191	0	41.6	0	0	0	3
246	24	0.0140856631	1.53615729	229.642237	229.81241	223.540754	235.207923	11.6671687	4.85944191	0	41.6	0	0	0	3
247	24	0.0141485686	1.54240183	232.735738	229.92583	223.59963	235.207923	11.6082933	4.85944191	0	41.8	0	0	0	3
248	24	0.0142114275	1.54864638	230.950174	229.959458	223.59963	235.207923	11.6082933	4.85944191	0	41.8	0	0	0	3
249	24	0.0142743365	1.55489092	227.965057	229.982213	223.59963	235.207923	11.6082933	4.85944191	0	41.8	0	0	0	3
250	24	0.014337199	1.56113546	228.867773	230.047151	224.485832	235.207923	10.7220913	4.85944191	0	45.3	0	0	0	3
251	24	0.0144001102	1.56738	232.609861	230.132741	224.485832	235.207923	10.7220913	4.85944191	0	45.3	0	0	0	3
252	24	0.0144629739	1.57362454	227.646803	230.103354	224.485832	235.207923	10.7220913	4.85944191	0	45.3	0	0	0	3
253	24	0.0145258867	1.57986908	231.863657	230.194339	224.634081	235.207923	10.5738424	4.85944191	0	45.9	0	0	0	3
254	24	0.0145887518	1.58611363	230.512946	230.266847	225.826878	235.207923	9.38104526	4.85944191	0	51.8	0	0	0	3
255	25	0.0146516665	1.59235817	230.04385	230.305288	225.826878	235.207923	9.38104526	4.85944191	0	51.8	0	0	0	3
256	25	0.0147145338	1.59860271	232.814549	230.328706	225.826878	235.207923	9.38104526	4.85944191	0	51.8	0	0	0	3
257	25	0.0147774503	1.60484725	233.89471	230.428268	225.985941	235.207923	9.22198191	4.85944191	0	52.6	0	0	0	3
258	25	0.0148403192	1.61109179	228.811375	230.444446	225.985941	235.207923	9.22198191	4.85944191	0	52.6	0	0	0	3
259	25	0.0149032381	1.61733634	232.833427	230.492382	225.985941	235.207923	9.22198191	4.85944191	0	52.6	0	0	0	3
260	25	0.0149661092	1.62358088	232.633683	230.528357	225.985941	235.207923	9.22198191	4.85944191	0	52.6	0	0	0	3
261	25	0.0150290303	1.62982542	231.339729	230.594366	226.199494	235.207923	9.00842897	4.85944191	0	53.9	0	0	0	3
262	25	0.015091904	1.63606996	232.501141	230.655054	226.199494	235.207923	9.00842897	4.85944191	0	53.9	0	0	0	3
263	25	0.0151548275	1.6423145	234.440193	230.750497	226.199494	235.207923	9.00842897	4.85944191	0	53.9	0	0	0	3
264	25	0.0152177033	1.64855904	230.116226	230.794645	226.199494	235.207923	9.00842897	4.85944191	0	53.9	0	0	0	3
265	25	0.0152806289	1.65480359	234.225436	230.827122	226.199494	235.207923	9.00842897	4.85944191	0	53.9	0	0	0	3
266	26	0.0153435066	1.66104813	231.810344	230.822189	226.199494	235.207923	9.00842897	4.85944191	0	53.9	0	0	0	3
267	26	0.0154064346	1.66729267	229.579115	230.849151	226.199494	235.207923	9.00842897	4.85944191	0	53.9	0	0	0	3
268	26	0.0154693152	1.67353721	231.154083	230.854123	226.199494	235.207923	9.00842897	4.85944191	0	53.9	0	0	0	3
269	26	0.0155322451	1.67978175	233.295528	230.907695	226.199494	235.207923	9.00842897	4.85944191	0	53.9	0	0	0	3
270	26	0.0155951268	1.6860263	230.251967	230.93309	226.199494	235.207923	9.00842897	4.85944191	0	53.9	0	0	0	3
271	26	0.0156580578	1.69227084	234.037619	231.015162	226.199494	235.207923	9.00842897	4.85944191	0	53.9	0	0	0	3
272	26	0.015720941	1.69851538	233.09048	231.050857	226.199494	235.207923	9.00842897	4.85944191	0	53.9	0	0	0	3
273	26	0.0157838742	1.70475992	231.375958	231.114672	227.18512	235.207923	8.02280373	4.85944191	0	60.5	0	0	0	3
274	26	0.0158467597	1.71100446	233.977891	231.148429	227.18512	235.207923	8.02280373	4.85944191	0	60.5	0	0	0	3
275	26	0.0159096945	1.717249	235.565564	231.212265	227.18512	235.565564	8.38044443	4.85944191	0	57.9	0	0	0	3
276	26	0.0159725817	1.72349355	231.721437	231.252413	227.18512	235.565564	8.32176052	4.85944191	0	58.3	0	0	0	3
277	27	0.0160355185	1.72973809	235.315674	231.332358	227.18512	235.565564	8.13748736	4.85944191	0	59.7	0	0	0	3
278	27	0.0160984076	1.73598263	233.896673	231.346007	227.18512	235.565564	7.89187945	4.85944191	0	61.5	0	0	0	3
279	27	0.0161613471	1.74222717	232.91262	231.367948	227.18512	235.565564	7.69853261	4.85944191	0	63.1	0	0	0	3
280	27	0.0162242401	1.74847171	230.616425	231.379257	227.18512	235.565564	7.56054257	4.85944191	0	64.2	0	0	0	3
281	27	0.0162871815	1.75471626	235.895514	231.472499	227.18512	235.895514	7.4362333	4.85944191	0	65.3	0	0	0	3
282	27	0.0163500751	1.7609608	235.426133	231.537127	227.18512	235.895514	7.34312001	4.85944191	0	66.1	0	0	0	3
283	27	0.0164130188	1.76720534	233.934889	231.620409	227.646803	235.895514	7.20958611	4.85944191	0	67.4	0	0	0	3
284	27	0.0164759152	1.77344988	231.831927	231.59381	227.646803	235.895514	7.04047485	4.85944191	0	69	0	0	0	3
285	27	0.0165388608	1.77969442	238.234027	231.664617	227.646803	238.234027	6.89502372	4.85944191	0	70.4	0	0	0	3
286	27	0.0166017589	1.78593897	236.62463	231.752399	227.646803	238.234027	6.80787698	4.85944191	0	71.3	0	0	0	3
287	27	0.0166647071	1.79218351	234.41396	231.786336	227.646803	238.234027	6.6432968	4.85944191	0	73.1	0	0	0	3
288	27	0.0167276082	1.79842805	232.323437	231.780864	227.646803	238.234027	6.48986743	4.85944191	0	74.8	0	0	0	3
289	28	0.0167905589	1.80467259	233.696811	231.843338	227.646803	238.234027	6.40271441	4.85944191	0	75.8	0	0	0	3
290	28	0.0168534618	1.81091713	229.969974	231.841808	227.646803	238.234027	6.28548739	4.85944191	0	77.3	0	0	0	3
291	28	0.0169164123	1.81716167	237.931948	231.938215	227.646803	238.234027	6.20754685	4.85944191	0	78.2	0	0	0	3
292	28	0.0169793158	1.82340622	235.197955	232.003264	227.646803	238.234027	6.1538047	4.85944191	0	78.9	0	0	0	3
293	28	0.0170422696	1.82965076	233.19821	232.03196	227.646803	238.234027	6.02362928	4.85944191	0	80.6	0	0	0	3
294	28	0.0171051758	1.8358953	235.170091	232.05624	227.646803	238.234027	5.90926159	4.85944191	0	82.2	0	0	0	3
295	28	0.0171681311	1.84213984	234.006119	232.109714	227.646803	238.234027	5.80064021	4.85944191	0	83.7	0	0	0	3
296	28	0.017231039	1.84838438	235.724529	232.151064	227.646803	238.234027	5.66939683	4.85944191	0	85.7	0	0	0	3
297	28	0.0172939963	1.85462893	238.287059	232.201943	227.646803	238.287059	5.47314519	4.85944191	0	88.7	0	0	0	3
298	28	0.0173569059	1.86087347	232.733967	232.171422	227.646803	238.287059	5.35897536	4.85944191	0	90.6	0	0	0	3
299	28	0.0174198648	1.86711801	234.359553	232.233296	227.646803	238.287059	5.26341197	4.85944191	0	92.3	0	0	0	3
300	29	0.0174827762	1.87336255	235.180375	232.281131	227.646803	238.287059	5.16144611	4.85944191	0	94.1	0	0	0	3
301	29	0.0175457369	1.87960709	237.110198	232.361933	227.646803	238.287059	5.10236906	4.85944191	0	95.2	0	0	0	3
302	29	0.0176086505	1.88585163	234.058269	232.409739	227.646803	238.287059	4.95298698	4.85944191	0	98.1	0	0	0	3
303	29	0.0176716135	1.89209618	234.47815	232.413841	227.646803	238.287059	4.78145679	4.85944191	0	100	0	0	0	3
