Iteration	CPUTime	PhysTime	Travels	Value	AvValue	MinValue	MaxValue	Delta	Criteria	Progress	dGMaxMin	CriteriaType	CriteriaVarType	CriteriaPercentage
1	1	6.50512246e-06	0.00624454184	62.6868313	62.6868313	62.6868313	62.6868313	0	0	0	0	0	0	0	3
2	1	1.06037066e-05	0.0124890837	23.4364287	47.5156197	23.4364287	62.6868313	15.1712116	0	0	0	0	0	0	3
3	1	1.47629998e-05	0.0187336255	20.2515807	39.8343127	20.2515807	62.6868313	22.8525185	0	0	0	0	0	0	3
4	1	1.89739938e-05	0.0249781673	18.5717908	35.1154141	18.5717908	62.6868313	27.5714171	0	0	0	0	0	0	3
5	1	2.33188437e-05	0.0312227092	18.4375413	32.0079335	18.4375413	62.6868313	30.6788977	0	0	0	0	0	0	3
6	1	3.0512884e-05	0.037467251	17.5181418	28.591667	17.5181418	62.6868313	34.0951643	0	0	0	0	0	0	3
7	1	3.85844872e-05	0.0437117929	17.2988554	26.2292903	17.2988554	62.6868313	36.457541	0	0	0	0	0	0	3
8	2	4.70321419e-05	0.0499563347	16.9274583	24.5585463	16.9274583	62.6868313	38.1282849	0	0	0	0	0	0	3
9	2	5.56536416e-05	0.0562008765	16.8659437	23.3668584	16.8659437	62.6868313	39.3199728	0	0	0	0	0	0	3
10	2	6.44025681e-05	0.0624454184	16.8221271	22.4777732	16.8221271	62.6868313	40.2090581	0	0	0	0	0	0	3
11	2	7.76871264e-05	0.0686899602	17.0554742	21.5505559	16.8221271	62.6868313	41.1362754	0	0	0	0	0	0	3
12	2	9.1152361e-05	0.074934502	17.1194264	20.8959793	16.8221271	62.6868313	41.7908519	0	0	0	0	0	0	3
13	2	0.000104752316	0.0811790439	17.2679345	20.4249516	16.8221271	62.6868313	42.2618797	0	0	0	0	0	0	3
14	2	0.000118448182	0.0874235857	17.3187124	20.065785	16.8221271	62.6868313	42.6210463	0	0	0	0	0	0	3
15	2	0.000132210507	0.0936681275	17.5751878	19.8065286	16.8221271	62.6868313	42.8803026	0	0	0	0	0	0	3
16	2	0.000152921098	0.0999126694	17.6778499	19.5182349	16.8221271	62.6868313	43.1685964	0	0	0	0	0	0	3
17	2	0.000173684181	0.106157211	17.7287961	19.3043164	16.8221271	62.6868313	43.3825149	0	0	0	0	0	0	3
18	2	0.000194478849	0.112401753	17.948282	19.1593223	16.8221271	62.6868313	43.527509	0	0	0	0	0	0	3
19	3	0.00021529578	0.118646295	18.0528419	19.0523368	16.8221271	62.6868313	43.6344945	0	0	0	0	0	0	3
20	3	0.000236131681	0.124890837	18.1381917	18.971674	16.8221271	62.6868313	43.7151573	0	0	0	0	0	0	3
21	3	0.000267412527	0.131135379	18.1336716	18.8736478	16.8221271	62.6868313	43.8131834	0	0	0	0	0	0	3
22	3	0.000298726623	0.13737992	18.16326	18.7991812	16.8221271	62.6868313	43.88765	0	0	0	0	0	0	3
23	3	0.000330066864	0.143624462	18.2511794	18.7471478	16.8221271	62.6868313	43.9396835	0	0	0	0	0	0	3
24	3	0.000361420165	0.149869004	18.1716065	18.6972195	16.8221271	62.6868313	43.9896118	0	0	0	0	0	0	3
25	3	0.000392772482	0.156113546	18.0282368	18.6438192	16.8221271	62.6868313	44.0430121	0	0	0	0	0	0	3
26	3	0.000439779396	0.162358088	17.9882218	18.573744	16.8221271	62.6868313	44.1130872	0	0	0	0	0	0	3
27	3	0.00048673166	0.16860263	17.9490823	18.5134864	16.8221271	62.6868313	44.1733448	0	0	0	0	0	0	3
28	3	0.000533612304	0.174847171	17.9687909	18.4656321	16.8221271	62.6868313	44.2211992	0	0	0	0	0	0	3
29	3	0.000580418667	0.181091713	17.7925155	18.4113503	16.8221271	62.6868313	44.275481	0	0	0	0	0	0	3
30	4	0.000627151285	0.187336255	17.5204585	18.3449649	16.8221271	62.6868313	44.3418664	0	0	0	0	0	0	3
31	4	0.000688598872	0.193580797	17.5181415	18.2711827	16.8221271	62.6868313	44.4156485	0	0	0	0	0	0	3
32	4	0.000749944544	0.199825339	17.5697857	18.2138083	16.8221271	62.6868313	44.473023	0	0	0	0	0	0	3
33	4	0.000811197108	0.206069881	17.2422353	18.1404459	16.8221271	62.6868313	44.5463854	0	0	0	0	0	0	3
34	4	0.000872372561	0.212314422	16.923792	18.0551276	16.8221271	62.6868313	44.6317037	0	0	0	0	0	0	3
35	4	0.000933488199	0.218558964	16.6102686	17.9605324	16.6102686	62.6868313	44.7262989	0	0	0	0	0	0	3
36	4	0.000994558634	0.224803506	16.8200296	17.8905003	16.6102686	62.6868313	44.7963309	0	0	0	0	0	0	3
37	4	0.00105559606	0.231048048	16.7589677	17.8250721	16.6102686	62.6868313	44.8617592	0	0	0	0	0	0	3
38	4	0.0011166096	0.23729259	16.2834307	17.740834	16.2834307	62.6868313	44.9459972	0	0	0	0	0	0	3
39	4	0.00117760559	0.243537132	16.0820326	17.6549137	16.0820326	62.6868313	45.0319176	0	0	0	0	0	0	3
40	5	0.00123859033	0.249781673	16.1205772	17.5793673	16.0820326	62.6868313	45.107464	0	0	0	0	0	0	3
41	5	0.00129957027	0.256026215	16.2732799	17.5180815	16.0820326	62.6868313	45.1687498	0	0	0	0	0	0	3
42	5	0.00136055191	0.262270757	15.9989394	17.4499917	15.9989394	62.6868313	45.2368396	0	0	0	0	0	0	3
43	5	0.00142154009	0.268515299	15.469611	17.3650276	15.469611	62.6868313	45.3218037	0	0	0	0	0	0	3
44	5	0.00148253747	0.274759841	15.5650141	17.290968	15.469611	62.6868313	45.3958632	0	0	0	0	0	0	3
45	5	0.00154354596	0.281004383	15.8317885	17.2332941	15.469611	62.6868313	45.4535372	0	0	0	0	0	0	3
46	5	0.00160456758	0.287248924	15.6892391	17.1745738	15.469611	62.6868313	45.5122575	0	0	0	0	0	0	3
47	5	0.00166560401	0.293493466	15.4057636	17.1097553	15.4057636	62.6868313	45.5770759	0	0	0	0	0	0	3
48	5	0.00172665603	0.299738008	15.3593071	17.0478621	15.3593071	62.6868313	45.6389692	0	0	0	0	0	0	3
49	5	0.00178772435	0.30598255	15.4200412	16.992256	15.3593071	62.6868313	45.6945753	0	0	0	0	0	0	3
50	5	0.00184881149	0.312227092	15.5598662	16.944928	15.3593071	62.6868313	45.7419033	0	0	0	0	0	0	3
51	6	0.00190991931	0.318471634	15.4797561	16.8980499	15.3593071	62.6868313	45.7887814	0	0	0	0	0	0	3
52	6	0.00197104866	0.324716175	15.2202859	16.8460163	15.2202859	62.6868313	45.840815	0	0	0	0	0	0	3
53	6	0.00203220002	0.330960717	14.9351276	16.7885154	14.9351276	62.6868313	45.8983159	0	0	0	0	0	0	3
54	6	0.00209337324	0.337205259	15.4406808	16.7491285	14.9351276	62.6868313	45.9377028	0	0	0	0	0	0	3
55	6	0.00215456887	0.343449801	15.4156398	16.7112538	14.9351276	62.6868313	45.9755775	0	0	0	0	0	0	3
56	6	0.00221578673	0.349694343	15.1154199	16.667164	14.9351276	62.6868313	46.0196672	0	0	0	0	0	0	3
57	6	0.00227702662	0.355938885	15.0372011	16.6233267	14.9351276	62.6868313	46.0635046	0	0	0	0	0	0	3
58	6	0.00233828847	0.362183426	15.2482327	16.5873	14.9351276	62.6868313	46.0995313	0	0	0	0	0	0	3
59	6	0.0023995722	0.368427968	15.2202724	16.5523869	14.9351276	62.6868313	46.1344444	0	0	0	0	0	0	3
60	6	0.00246087776	0.37467251	14.8940301	16.5110738	14.8940301	62.6868313	46.1757575	0	0	0	0	0	0	3
61	7	0.002522205	0.380917052	14.8423572	16.4704991	14.8423572	62.6868313	46.2163322	0	0	0	0	0	0	3
62	7	0.00258355353	0.387161594	14.9167139	16.4336032	14.8423572	62.6868313	46.2532281	0	0	0	0	0	0	3
63	7	0.00264492266	0.393406136	15.0298146	16.4010316	14.8423572	62.6868313	46.2857996	0	0	0	0	0	0	3
64	7	0.00270631222	0.399650678	14.9924379	16.3690793	14.8423572	62.6868313	46.317752	0	0	0	0	0	0	3
65	7	0.00276772179	0.405895219	14.8475402	16.3353197	14.8423572	62.6868313	46.3515115	0	0	0	0	0	0	3
66	7	0.00282915067	0.412139761	14.7313721	16.3004935	14.7313721	62.6868313	46.3863378	0	0	0	0	0	0	3
67	7	0.00289059824	0.418384303	14.8583829	16.2698375	14.7313721	62.6868313	46.4169938	0	0	0	0	0	0	3
68	7	0.00295206397	0.424628845	15.1161885	16.2458171	14.7313721	62.6868313	46.4410142	0	0	0	0	0	0	3
69	7	0.00301354763	0.430873387	15.0232059	16.2208728	14.7313721	62.6868313	46.4659584	0	0	0	0	0	0	3
70	7	0.00307510149	0.437117929	14.9409224	16.1952522	14.7313721	62.6868313	46.491579	0	0	0	0	0	0	3
71	8	0.00313690541	0.44336247	14.7638371	16.1670502	14.7313721	62.6868313	46.519781	0	0	0	0	0	0	3
72	8	0.00319879666	0.449607012	15.1585367	16.1475372	14.7313721	62.6868313	46.5392941	0	0	0	0	0	0	3
73	8	0.00326076524	0.455851554	14.5423755	16.1170322	14.5423755	62.6868313	46.569799	0	0	0	0	0	0	3
74	8	0.00332267351	0.462096096	14.5278523	16.0874225	14.5278523	62.6868313	46.5994087	0	0	0	0	0	0	3
75	8	0.00338459537	0.468340638	14.5551922	16.0593901	14.5278523	62.6868313	46.6274412	0	0	0	0	0	0	3
76	8	0.00344645545	0.47458518	14.9730359	16.0398912	14.5278523	62.6868313	46.6469401	0	0	0	0	0	0	3
77	8	0.00350835914	0.480829721	15.0026106	16.0215888	14.5278523	62.6868313	46.6652425	0	0	0	0	0	0	3
78	8	0.00357023192	0.487074263	14.9391274	16.0028295	14.5278523	62.6868313	46.6840018	0	0	0	0	0	0	3
79	8	0.00363216609	0.493318805	14.7487412	15.9814453	14.5278523	62.6868313	46.7053859	0	0	0	0	0	0	3
80	8	0.00369407678	0.499563347	14.9525588	15.9642018	14.5278523	62.6868313	46.7226295	0	0	0	0	0	0	3
81	9	0.00375604815	0.505807889	14.9511608	15.9474875	14.5278523	62.6868313	46.7393438	0	0	0	0	0	0	3
82	9	0.00381799341	0.512052431	14.4917271	15.8440574	14.4917271	23.4364287	8.94470163	0	0	0	0	0	0	3
83	9	0.00387999588	0.518296972	14.4819621	15.8141893	14.4819621	20.2515807	5.76961853	0	0	0	0	0	0	3
84	9	0.00394196818	0.524541514	14.7536208	15.7927537	14.4819621	18.5717908	4.08982863	0	0	0	0	0	0	3
85	9	0.00400399661	0.530786056	14.7268614	15.773226	14.4819621	18.4375413	3.95557914	0	0	0	0	0	0	3
86	9	0.00406599527	0.537030598	14.8148515	15.7556649	14.4819621	18.2511794	3.76921724	0	0	0	0	0	0	3
87	9	0.00412804942	0.54327514	14.9095674	15.739757	14.4819621	18.2511794	3.76921724	0	0	0	0	0	0	3
88	9	0.00419007322	0.549519682	14.9711913	15.7252432	14.4819621	18.2511794	3.76921724	0	0	0	0	0	0	3
89	9	0.00425215387	0.555764223	14.6827377	15.7074375	14.4819621	18.2511794	3.76921724	0	0	0	0	0	0	3
90	9	0.00431420377	0.562008765	14.7059532	15.6904998	14.4819621	18.2511794	3.76921724	0	0	0	0	0	0	3
91	9	0.00437630984	0.568253307	14.3310591	15.6686231	14.3310591	18.2511794	3.92012023	0	0	0	0	0	0	3
92	10	0.00443838457	0.574497849	14.7680362	15.6515783	14.3310591	18.2511794	3.92012023	0	0	0	0	0	0	3
93	10	0.00450051583	0.580742391	14.7784686	15.634793	14.3310591	18.2511794	3.92012023	0	0	0	0	0	0	3
94	10	0.00456261675	0.586986933	14.6631619	15.6162752	14.3310591	18.2511794	3.92012023	0	0	0	0	0	0	3
95	10	0.00462477484	0.593231474	14.5071769	15.5958027	14.3310591	18.2511794	3.92012023	0	0	0	0	0	0	3
96	10	0.00468690215	0.599476016	14.8264187	15.5793272	14.3310591	18.2511794	3.92012023	0	0	0	0	0	0	3
97	10	0.00474908646	0.605720558	14.7578737	15.5587572	14.3310591	18.2511794	3.74555913	0	0	0	0	0	0	3
98	10	0.00481123933	0.6119651	14.8626184	15.5397119	14.3310591	18.2511794	3.61961035	0	0	0	0	0	0	3
99	10	0.00487344951	0.618209642	14.3913556	15.5137394	14.3310591	18.2511794	3.53859742	0	0	0	0	0	0	3
100	10	0.00493562821	0.624454184	14.5496881	15.4898428	14.3310591	18.2511794	3.48183122	0	0	0	0	0	0	3
101	11	0.00499786447	0.630698725	14.4165401	15.4642262	14.3310591	18.2511794	3.40942159	0	0	0	0	0	0	3
102	11	0.00506006881	0.636943267	14.5477878	15.4349087	14.3310591	18.2511794	3.36427255	0	0	0	0	0	0	3
103	11	0.00512233063	0.643187809	14.7977859	15.4089728	14.3310591	18.2511794	3.33817498	0	0	0	0	0	0	3
104	11	0.00518455998	0.649432351	14.7847705	15.3826222	14.3310591	18.1716065	3.31459728	0	0	0	0	0	0	3
105	11	0.00524684646	0.655676893	14.5506933	15.3541166	14.3310591	18.0282368	3.28970257	0	0	0	0	0	0	3
106	11	0.00530909936	0.661921435	14.8300101	15.3304268	14.3310591	17.9882218	3.24331725	0	0	0	0	0	0	3
107	11	0.00537140935	0.668165976	14.3339983	15.2925038	14.3310591	17.9687909	3.22098265	0	0	0	0	0	0	3
108	11	0.00543368529	0.674410518	14.5566098	15.2580258	14.3310591	17.9687909	3.20760624	0	0	0	0	0	0	3
109	11	0.00549601758	0.68065506	14.6155525	15.2243467	14.3310591	17.7925155	3.18700357	0	0	0	0	0	0	3
110	11	0.00555831439	0.686899602	14.7946832	15.1948216	14.3310591	17.5697857	3.15014333	0	0	0	0	0	0	3
111	11	0.00562066729	0.693144144	14.6388791	15.1661148	14.3310591	17.5697857	3.10506796	0	0	0	0	0	0	3
112	12	0.00568298433	0.699388686	14.7233559	15.1316525	14.3310591	17.5697857	3.08215574	0	0	0	0	0	0	3
113	12	0.00574535689	0.705633227	14.784911	15.0973819	14.3310591	17.2422353	2.91117615	0	0	0	0	0	0	3
114	12	0.00580769266	0.711877769	14.894696	15.0685592	14.3310591	16.923792	2.59273286	0	0	0	0	0	0	3
115	12	0.00587008375	0.718122311	14.2936159	15.0361755	14.2936159	16.8200296	2.52641371	0	0	0	0	0	0	3
116	12	0.00593243802	0.724366853	14.6403887	15.0119943	14.2936159	16.8200296	2.52641371	0	0	0	0	0	0	3
117	12	0.00599484798	0.730611395	14.6319258	14.9851683	14.2936159	16.7589677	2.46535175	0	0	0	0	0	0	3
118	12	0.00605722051	0.736855937	14.6865887	14.9597983	14.2936159	16.2834307	1.98981475	0	0	0	0	0	0	3
119	12	0.00611964841	0.743100479	14.7829366	14.9414493	14.2936159	16.2732799	1.97966399	0	0	0	0	0	0	3
120	12	0.00618203929	0.74934502	14.9710255	14.9279162	14.2936159	16.2732799	1.97966399	0	0	0	0	0	0	3
121	12	0.00624448582	0.755589562	14.8370251	14.9122527	14.2936159	16.2732799	1.97966399	0	0	0	0	0	0	3
122	12	0.0063068947	0.761834104	14.8645169	14.8950829	14.2936159	15.9989394	1.70532342	0	0	0	0	0	0	3
123	13	0.00636935873	0.768078646	14.9445444	14.8822604	14.2936159	15.8317885	1.53817258	0	0	0	0	0	0	3
124	13	0.00643178579	0.774323188	14.5287523	14.8707061	14.2936159	15.8317885	1.53817258	0	0	0	0	0	0	3
125	13	0.00649426862	0.78056773	14.4978992	14.8576079	14.2936159	15.8317885	1.53817258	0	0	0	0	0	0	3
126	13	0.00655671273	0.786812271	14.7692677	14.8446521	14.2936159	15.6892391	1.39562315	0	0	0	0	0	0	3
127	13	0.00661921185	0.793056813	14.8075544	14.8339122	14.2936159	15.5598662	1.26625031	0	0	0	0	0	0	3
128	13	0.00668167183	0.799301355	14.8883595	14.8276318	14.2936159	15.5598662	1.26625031	0	0	0	0	0	0	3
129	13	0.00674418627	0.805545897	14.8956889	14.8220104	14.2936159	15.5598662	1.26625031	0	0	0	0	0	0	3
130	13	0.00680666026	0.811790439	14.9406376	14.8162105	14.2936159	15.5598662	1.26625031	0	0	0	0	0	0	3
131	13	0.00686918941	0.818034981	14.8512231	14.8075979	14.2936159	15.4797561	1.18614013	0	0	0	0	0	0	3
132	13	0.00693167871	0.824279522	15.0451789	14.802375	14.2936159	15.4406808	1.1470649	0	0	0	0	0	0	3
133	13	0.00699422418	0.830524064	14.4560151	14.7929766	14.2936159	15.4406808	1.1470649	0	0	0	0	0	0	3
134	14	0.00705673046	0.836768606	14.5996006	14.7888409	14.2936159	15.4406808	1.1470649	0	0	0	0	0	0	3
135	14	0.00711929399	0.843013148	14.6575198	14.7792723	14.2936159	15.4156398	1.12202388	0	0	0	0	0	0	3
136	14	0.00718181849	0.84925769	14.7205154	14.7707952	14.2936159	15.2482327	0.954616749	0	0	0	0	0	0	3
137	14	0.00724439956	0.855502232	14.6658562	14.7652938	14.2936159	15.2482327	0.954616749	0	0	0	0	0	0	3
138	14	0.00730694057	0.861746773	15.023942	14.7651992	14.2936159	15.2482327	0.954616749	0	0	0	0	0	0	3
139	14	0.00736953724	0.867991315	14.8154439	14.7599428	14.2936159	15.2202724	0.926656415	0	0	0	0	0	0	3
140	14	0.00743209246	0.874235857	14.7203964	14.7538456	14.2936159	15.1585367	0.864920805	0	0	0	0	0	0	3
141	14	0.00749470212	0.880480399	14.7209251	14.7517288	14.2936159	15.1585367	0.864920805	0	0	0	0	0	0	3
142	14	0.00755726871	0.886724941	14.4615715	14.7470194	14.2936159	15.1585367	0.864920805	0	0	0	0	0	0	3
143	14	0.00761988883	0.892969483	14.6795852	14.7441139	14.2936159	15.1585367	0.864920805	0	0	0	0	0	0	3
144	14	0.00768246564	0.899214024	14.8820923	14.7423474	14.2936159	15.1585367	0.864920805	0	0	0	0	0	0	3
145	15	0.00774509658	0.905458566	14.6743563	14.7384553	14.2936159	15.1585367	0.864920805	0	0	0	0	0	0	3
146	15	0.00780768476	0.911703108	14.7727134	14.7375516	14.2936159	15.1585367	0.864920805	0	0	0	0	0	0	3
147	15	0.00787032788	0.91794765	14.7929809	14.7383157	14.2936159	15.1585367	0.864920805	0	0	0	0	0	0	3
148	15	0.00793292914	0.924192192	14.9918061	14.7399996	14.2936159	15.1585367	0.864920805	0	0	0	0	0	0	3
149	15	0.00799558576	0.930436734	14.8662243	14.7369831	14.2936159	15.1585367	0.864920805	0	0	0	0	0	0	3
150	15	0.00805820019	0.936681275	14.9487736	14.7361234	14.2936159	15.1585367	0.864920805	0	0	0	0	0	0	3
151	15	0.00812086966	0.942925817	14.3910674	14.7293394	14.2936159	15.1585367	0.864920805	0	0	0	0	0	0	3
152	15	0.00818349619	0.949170359	14.5509914	14.7267036	14.2936159	15.1585367	0.864920805	0	0	0	0	0	0	3
153	15	0.0082461765	0.955414901	14.6692487	14.720695	14.2936159	15.0451789	0.751562918	0	0	0	0	0	0	3
154	15	0.0083088126	0.961659443	14.8341486	14.7242917	14.2936159	15.0451789	0.751562918	0	0	0	0	0	0	3
155	15	0.00837150158	0.967903985	14.7666642	14.7272266	14.2936159	15.0451789	0.751562918	0	0	0	0	0	0	3
156	16	0.00843414583	0.974148526	14.9031373	14.7315185	14.2936159	15.0451789	0.751562918	0	0	0	0	0	0	3
157	16	0.00849684309	0.980393068	14.7531175	14.7288284	14.2936159	15.0451789	0.751562918	0	0	0	0	0	0	3
158	16	0.00855949569	0.98663761	14.8801641	14.7273502	14.2936159	15.0451789	0.751562918	0	0	0	0	0	0	3
159	16	0.00862220149	0.992882152	14.4183692	14.7209214	14.2936159	15.0451789	0.751562918	0	0	0	0	0	0	3
160	16	0.00868486288	0.999126694	14.7138458	14.7204927	14.2936159	15.0451789	0.751562918	0	0	0	0	0	0	3
161	16	0.00874757768	1.00537124	14.648809	14.71676	14.2936159	15.0451789	0.751562918	0.178738942	0	23.7	0	0	0	3
162	16	0.00881024765	1.01161578	14.8154437	14.7151096	14.2936159	15.0451789	0.751562918	0.178738942	0	23.7	0	0	0	3
163	16	0.00887297064	1.01786032	14.6894593	14.7175287	14.2936159	15.0451789	0.751562918	0.178738942	0	23.7	0	0	0	3
164	16	0.00893564807	1.02410486	14.9352773	14.7231172	14.2936159	15.0451789	0.751562918	0.178738942	0	23.7	0	0	0	3
165	16	0.00899837771	1.0303494	14.9703071	14.72581	14.2936159	15.0451789	0.751562918	0.178738942	0	23.7	0	0	0	3
166	17	0.00906106153	1.03659394	15.0188144	14.729429	14.2936159	15.0451789	0.751562918	0.178738942	0	23.7	0	0	0	3
167	17	0.00912379746	1.04283849	14.8469803	14.7298399	14.2936159	15.0451789	0.751562918	0.178738942	0	23.7	0	0	0	3
168	17	0.00918648765	1.04908303	14.5395535	14.7252769	14.2936159	15.0451789	0.751562918	0.178738942	0	23.7	0	0	0	3
169	17	0.00924922983	1.05532757	14.5398885	14.7199629	14.2936159	15.0451789	0.751562918	0.178738942	0	23.7	0	0	0	3
170	17	0.00931192609	1.06157211	14.7692564	14.7210304	14.2936159	15.0451789	0.751562918	0.178738942	0	23.7	0	0	0	3
171	17	0.00937467451	1.06781665	14.8308181	14.7225767	14.2936159	15.0451789	0.751562918	0.178738942	0	23.7	0	0	0	3
172	17	0.00943737706	1.0740612	14.9113653	14.72972	14.2936159	15.0451789	0.751562918	0.178738942	0	23.7	0	0	0	3
173	17	0.00950013175	1.08030574	14.8689192	14.7309759	14.2936159	15.0451789	0.751562918	0.178738942	0	23.7	0	0	0	3
174	17	0.00956283965	1.08655028	14.8851664	14.732303	14.2936159	15.0451789	0.751562918	0.178738942	0	23.7	0	0	0	3
175	17	0.00962559771	1.09279482	14.9442449	14.7357782	14.2936159	15.0451789	0.751562918	0.178738942	0	23.7	0	0	0	3
176	17	0.00968831079	1.09903936	15.0907355	14.7429806	14.2936159	15.0907355	0.797119525	0.178738942	0	22.4	0	0	0	3
177	18	0.00975107581	1.10528391	14.4191627	14.7379436	14.2936159	15.0907355	0.797119525	0.178738942	0	22.4	0	0	0	3
178	18	0.0098137941	1.11152845	14.6793896	14.7369738	14.2936159	15.0907355	0.797119525	0.178738942	0	22.4	0	0	0	3
179	18	0.00987656424	1.11777299	14.7671521	14.7358061	14.2936159	15.0907355	0.797119525	0.178738942	0	22.4	0	0	0	3
180	18	0.00993928817	1.12401753	14.9444772	14.7426198	14.2936159	15.0907355	0.774733219	0.178738942	0	23	0	0	0	3
181	18	0.0100020639	1.13026207	14.7873898	14.7455423	14.2936159	15.0907355	0.749116686	0.178738942	0	23.8	0	0	0	3
182	18	0.0100647929	1.13650661	14.9370099	14.7519538	14.2936159	15.0907355	0.719799133	0.178738942	0	24.8	0	0	0	3
183	18	0.0101275736	1.14275116	14.9207407	14.756551	14.2936159	15.0907355	0.693863281	0.178738942	0	25.7	0	0	0	3
184	18	0.0101903075	1.1489957	15.0105479	14.7591885	14.2936159	15.0907355	0.667512612	0.178738942	0	26.7	0	0	0	3
185	18	0.0102530927	1.15524024	14.9589956	14.7613495	14.2936159	15.0907355	0.639007057	0.178738942	0	27.9	0	0	0	3
186	18	0.0103158313	1.16148478	15.0964386	14.7680854	14.2936159	15.0964386	0.615317213	0.178738942	0	29	0	0	0	3
187	18	0.0103786214	1.16772932	14.4433865	14.7633033	14.2936159	15.0964386	0.577394215	0.178738942	0	30.9	0	0	0	3
188	19	0.0104413651	1.17397387	14.7292363	14.7681579	14.2936159	15.0964386	0.542916257	0.178738942	0	32.9	0	0	0	3
189	19	0.0105041607	1.18021841	14.7918542	14.7710496	14.2936159	15.0964386	0.509237177	0.178738942	0	35	0	0	0	3
190	19	0.0105669103	1.18646295	14.8522747	14.7739661	14.2936159	15.0964386	0.47971199	0.178738942	0	37.2	0	0	0	3
191	19	0.0106297102	1.19270749	14.898038	14.775248	14.2936159	15.0964386	0.451005218	0.178738942	0	39.6	0	0	0	3
192	19	0.0106924648	1.19895203	15.0142821	14.7798822	14.2936159	15.0964386	0.416542961	0.178738942	0	42.9	0	0	0	3
193	19	0.0107552694	1.20519657	14.8454271	14.7813882	14.2936159	15.0964386	0.382272303	0.178738942	0	46.7	0	0	0	3
194	19	0.0108180266	1.21144112	14.8974129	14.7827803	14.2936159	15.0964386	0.353449631	0.178738942	0	50.5	0	0	0	3
195	19	0.0108808354	1.21768566	14.9295866	14.7832227	14.2936159	15.0964386	0.321065953	0.178738942	0	55.6	0	0	0	3
196	19	0.0109435985	1.2239302	15.0326891	14.7923297	14.3910674	15.0964386	0.296884735	0.178738942	0	60.2	0	0	0	3
197	19	0.0110064116	1.23017474	14.4551397	14.7900227	14.3910674	15.0964386	0.270058775	0.178738942	0	66.1	0	0	0	3
198	19	0.0110691783	1.23641928	14.7595737	14.7915905	14.3910674	15.0964386	0.244688752	0.178738942	0	73	0	0	0	3
199	20	0.0111319956	1.24266383	14.8227274	14.7932665	14.3910674	15.0964386	0.226339785	0.178738942	0	78.9	0	0	0	3
200	20	0.0111947672	1.24890837	14.8620404	14.7942442	14.3910674	15.0964386	0.21280664	0.178738942	0	83.9	0	0	0	3
201	20	0.0112575902	1.25515291	14.8495152	14.7927552	14.3910674	15.0964386	0.197143119	0.178738942	0	90.6	0	0	0	3
202	20	0.0113203673	1.26139745	15.0093133	14.7948889	14.3910674	15.0964386	0.17997337	0.178738942	0	99.3	0	0	0	3
203	20	0.0113831938	1.26764199	14.8595442	14.7948331	14.3910674	15.0964386	0.167150874	0.178738942	0	100	0	0	0	3
204	20	0.0114459738	1.27388653	15.041066	14.796036	14.3910674	15.0964386	0.155596567	0.178738942	0	100	0	0	0	3
205	20	0.0115088054	1.28013108	14.9328583	14.8010158	14.3910674	15.0964386	0.142498299	0.178738942	0	100	0	0	0	3
206	20	0.0115715908	1.28637562	15.0237758	14.8075007	14.3910674	15.0964386	0.129542493	0.178738942	0	100	0	0	0	3
207	20	0.0116344268	1.29262016	14.5296878	14.804533	14.3910674	15.0964386	0.118802619	0.178738942	0	100	0	0	0	3
208	20	0.0116972164	1.2988647	14.7309942	14.8035865	14.3910674	15.0964386	0.112522204	0.178738942	0	100	0	0	0	3
209	21	0.0117600561	1.30510924	14.7421554	14.8017837	14.3910674	15.0964386	0.106900851	0.178738942	0	100	0	0	0	3
210	21	0.0118228501	1.31135379	14.9110431	14.8019787	14.3910674	15.0964386	0.101100893	0.178738942	0	100	0	0	0	3
211	21	0.0118856945	1.31759833	14.9303303	14.8018613	14.3910674	15.0964386	0.0924882945	0.178738942	0	100	0	0	0	3
212	21	0.0119484943	1.32384287	14.9074823	14.8025595	14.3910674	15.0964386	0.0923911256	0.178738942	0	100	0	0	0	3
213	21	0.012011344	1.33008741	14.8577595	14.8002578	14.3910674	15.0964386	0.0923911256	0.178738942	0	100	0	0	0	3
214	21	0.0120741472	1.33633195	15.0602015	14.8077099	14.3910674	15.0964386	0.092600345	0.178738942	0	100	0	0	0	3
215	21	0.012137001	1.34257649	14.9810096	14.8124145	14.3910674	15.0964386	0.0973049524	0.178738942	0	100	0	0	0	3
216	21	0.0121998089	1.34882104	15.0279488	14.8169865	14.3910674	15.0964386	0.101876931	0.178738942	0	100	0	0	0	3
217	21	0.0122626675	1.35506558	14.560137	14.814996	14.3910674	15.0964386	0.101876931	0.178738942	0	100	0	0	0	3
218	21	0.0123254804	1.36131012	14.7082694	14.8155135	14.3910674	15.0964386	0.101876931	0.178738942	0	100	0	0	0	3
219	21	0.012388344	1.36755466	14.7757876	14.8124567	14.3910674	15.0964386	0.101876931	0.178738942	0	100	0	0	0	3
220	22	0.0124511615	1.3737992	14.9231754	14.8137886	14.3910674	15.0964386	0.101876931	0.178738942	0	100	0	0	0	3
221	22	0.0125140298	1.38004375	14.9338546	14.8164235	14.3910674	15.0964386	0.101876931	0.178738942	0	100	0	0	0	3
222	22	0.0125768518	1.38628829	14.9425909	14.8191596	14.3910674	15.0964386	0.104050074	0.178738942	0	100	0	0	0	3
223	22	0.0126397234	1.39253283	14.919554	14.8248036	14.3910674	15.0964386	0.109694006	0.178738942	0	100	0	0	0	3
224	22	0.0127025492	1.39877737	14.9408525	14.8280272	14.3910674	15.0964386	0.112917604	0.178738942	0	100	0	0	0	3
225	22	0.012765426	1.40502191	14.8413392	14.8275262	14.3910674	15.0964386	0.112917604	0.178738942	0	100	0	0	0	3
226	22	0.0128282566	1.41126645	15.0785875	14.8325167	14.3910674	15.0964386	0.117407177	0.178738942	0	100	0	0	0	3
227	22	0.0128911375	1.417511	14.2825637	14.8264503	14.2825637	15.0964386	0.117407177	0.178738942	0	100	0	0	0	3
228	22	0.0129539716	1.42375554	14.5558436	14.823518	14.2825637	15.0964386	0.117407177	0.178738942	0	100	0	0	0	3
229	22	0.0130168551	1.43000008	14.7320075	14.8203139	14.2825637	15.0964386	0.117407177	0.178738942	0	100	0	0	0	3
230	22	0.0130796931	1.43624462	14.8289549	14.8198549	14.2825637	15.0964386	0.117407177	0.178738942	0	100	0	0	0	3
231	22	0.0131425805	1.44248916	14.9274255	14.8195977	14.2825637	15.0964386	0.117407177	0.178738942	0	100	0	0	0	3
232	23	0.0132054217	1.44873371	15.0638422	14.8278983	14.2825637	15.0964386	0.117407177	0.178738942	0	100	0	0	0	3
233	23	0.0132683128	1.45497825	14.8503453	14.8315864	14.2825637	15.0964386	0.117407177	0.178738942	0	100	0	0	0	3
234	23	0.0133311574	1.46122279	14.7837532	14.8329963	14.2825637	15.0964386	0.117886719	0.178738942	0	100	0	0	0	3
235	23	0.0133940514	1.46746733	14.7796934	14.8323228	14.2825637	15.0964386	0.117886719	0.178738942	0	100	0	0	0	3
236	23	0.0134568986	1.47371187	14.9935994	14.8351253	14.2825637	15.0964386	0.120015785	0.178738942	0	100	0	0	0	3
237	23	0.0135197936	1.47995642	14.3232147	14.8279567	14.2825637	15.0964386	0.120015785	0.178738942	0	100	0	0	0	3
238	23	0.0135826415	1.48620096	14.5805978	14.8258226	14.2825637	15.0964386	0.120015785	0.178738942	0	100	0	0	0	3
239	23	0.0136455394	1.4924455	14.6679916	14.8232013	14.2825637	15.0964386	0.120015785	0.178738942	0	100	0	0	0	3
240	23	0.013708391	1.49869004	14.7909946	14.8277943	14.2825637	15.0964386	0.120015785	0.178738942	0	100	0	0	0	3
241	23	0.0137712912	1.50493458	14.7963831	14.8288097	14.2825637	15.0964386	0.120015785	0.178738942	0	100	0	0	0	3
242	23	0.0138341441	1.51117912	14.909175	14.832022	14.2825637	15.0964386	0.120015785	0.178738942	0	100	0	0	0	3
243	24	0.0138970463	1.51742367	14.86486	14.8326323	14.2825637	15.0964386	0.117596659	0.178738942	0	100	0	0	0	3
244	24	0.0139599019	1.52366821	14.8303973	14.8343701	14.2825637	15.0964386	0.115162438	0.178738942	0	100	0	0	0	3
245	24	0.0140228063	1.52991275	14.8926051	14.8338469	14.2825637	15.0964386	0.115162438	0.178738942	0	100	0	0	0	3
246	24	0.0140856631	1.53615729	14.994674	14.8341514	14.2825637	15.0964386	0.115162438	0.178738942	0	100	0	0	0	3
247	24	0.0141485686	1.54240183	14.3464721	14.8258462	14.2825637	15.0964386	0.115162438	0.178738942	0	100	0	0	0	3
248	24	0.0142114275	1.54864638	14.6761627	14.8237362	14.2825637	15.0964386	0.115162438	0.178738942	0	100	0	0	0	3
249	24	0.0142743365	1.55489092	14.5837828	14.8242708	14.2825637	15.0964386	0.115162438	0.178738942	0	100	0	0	0	3
250	24	0.014337199	1.56113546	14.6306529	14.8253855	14.2825637	15.0964386	0.114094903	0.178738942	0	100	0	0	0	3
251	24	0.0144001102	1.56738	14.8874482	14.8268445	14.2825637	15.0964386	0.112548693	0.178738942	0	100	0	0	0	3
252	24	0.0144629739	1.57362454	14.8606318	14.8272129	14.2825637	15.0964386	0.105405311	0.178738942	0	100	0	0	0	3
253	24	0.0145258867	1.57986908	14.7029196	14.8246392	14.2825637	15.0964386	0.104149434	0.178738942	0	100	0	0	0	3
254	24	0.0145887518	1.58611363	14.8296576	14.8241551	14.2825637	15.0964386	0.10282234	0.178738942	0	100	0	0	0	3
255	25	0.0146516665	1.59235817	14.8569586	14.8238089	14.2825637	15.0964386	0.0993471557	0.178738942	0	100	0	0	0	3
256	25	0.0147145338	1.59860271	14.9664617	14.8240859	14.2825637	15.0964386	0.0993192174	0.178738942	0	100	0	0	0	3
257	25	0.0147774503	1.60484725	14.4631903	14.8163383	14.2825637	15.0964386	0.0993192174	0.178738942	0	100	0	0	0	3
258	25	0.0148403192	1.61109179	14.7111156	14.8199368	14.2825637	15.0964386	0.0993192174	0.178738942	0	100	0	0	0	3
259	25	0.0149032381	1.61733634	14.640789	14.819454	14.2825637	15.0964386	0.0993192174	0.178738942	0	100	0	0	0	3
260	25	0.0149661092	1.62358088	14.9141948	14.8212694	14.2825637	15.0964386	0.0925055386	0.178738942	0	100	0	0	0	3
261	25	0.0150290303	1.62982542	14.909562	14.8208426	14.2825637	15.0964386	0.0895830282	0.178738942	0	100	0	0	0	3
262	25	0.015091904	1.63606996	14.8929803	14.8221462	14.2825637	15.0964386	0.0831715608	0.178738942	0	100	0	0	0	3
263	25	0.0151548275	1.6423145	14.925071	14.822003	14.2825637	15.0964386	0.0785743158	0.178738942	0	100	0	0	0	3
264	25	0.0152177033	1.64855904	14.9927654	14.8228946	14.2825637	15.0964386	0.0759368003	0.178738942	0	100	0	0	0	3
265	25	0.0152806289	1.65480359	14.801962	14.8203231	14.2825637	15.0964386	0.0737758272	0.178738942	0	100	0	0	0	3
266	26	0.0153435066	1.66104813	14.8592882	14.8190941	14.2825637	15.0964386	0.0718220309	0.178738942	0	100	0	0	0	3
267	26	0.0154064346	1.66729267	14.3612875	14.8100167	14.2825637	15.0785875	0.0718220309	0.178738942	0	100	0	0	0	3
268	26	0.0154693152	1.67353721	14.6366329	14.8123972	14.2825637	15.0785875	0.0669674513	0.178738942	0	100	0	0	0	3
269	26	0.0155322451	1.67978175	14.7759163	14.8129712	14.2825637	15.0785875	0.0640757348	0.178738942	0	100	0	0	0	3
270	26	0.0155951268	1.6860263	14.9406569	14.8148088	14.2825637	15.0785875	0.0611592201	0.178738942	0	100	0	0	0	3
271	26	0.0156580578	1.69227084	14.7755759	14.8138621	14.2825637	15.0785875	0.059877306	0.178738942	0	100	0	0	0	3
272	26	0.015720941	1.69851538	14.9559519	14.8145788	14.2825637	15.0785875	0.0552431566	0.178738942	0	100	0	0	0	3
273	26	0.0157838742	1.70475992	14.8536356	14.8126001	14.2825637	15.0785875	0.0537371134	0.178738942	0	100	0	0	0	3
274	26	0.0158467597	1.71100446	14.9667372	14.8140989	14.2825637	15.0785875	0.0523450151	0.178738942	0	100	0	0	0	3
275	26	0.0159096945	1.717249	14.982072	14.8151482	14.2825637	15.0785875	0.0519026116	0.178738942	0	100	0	0	0	3
276	26	0.0159725817	1.72349355	15.0638999	14.8168089	14.2825637	15.0785875	0.0451026649	0.178738942	0	100	0	0	0	3
277	27	0.0160355185	1.72973809	14.424283	14.8092963	14.2825637	15.0785875	0.0451026649	0.178738942	0	100	0	0	0	3
278	27	0.0160984076	1.73598263	14.6504692	14.8117034	14.2825637	15.0785875	0.0435348444	0.178738942	0	100	0	0	0	3
279	27	0.0161613471	1.74222717	14.8222456	14.8124763	14.2825637	15.0785875	0.0423701315	0.178738942	0	100	0	0	0	3
280	27	0.0162242401	1.74847171	14.9740175	14.814345	14.2825637	15.0785875	0.0423701315	0.178738942	0	100	0	0	0	3
281	27	0.0162871815	1.75471626	14.8856701	14.8146386	14.2825637	15.0785875	0.0423701315	0.178738942	0	100	0	0	0	3
282	27	0.0163500751	1.7609608	14.9884991	14.8163556	14.2825637	15.0785875	0.04029225	0.178738942	0	100	0	0	0	3
283	27	0.0164130188	1.76720534	14.9940978	14.8161738	14.2825637	15.0785875	0.04029225	0.178738942	0	100	0	0	0	3
284	27	0.0164759152	1.77344988	14.9028881	14.8167097	14.2825637	15.0785875	0.0390892974	0.178738942	0	100	0	0	0	3
285	27	0.0165388608	1.77969442	14.964914	14.8157758	14.2825637	15.0785875	0.0348675447	0.178738942	0	100	0	0	0	3
286	27	0.0166017589	1.78593897	15.1184873	14.8180699	14.2825637	15.1184873	0.0348675447	0.178738942	0	100	0	0	0	3
287	27	0.0166647071	1.79218351	14.5554411	14.8122881	14.2825637	15.1184873	0.0348675447	0.178738942	0	100	0	0	0	3
288	27	0.0167276082	1.79842805	14.7439193	14.8149302	14.2825637	15.1184873	0.0348675447	0.178738942	0	100	0	0	0	3
289	28	0.0167905589	1.80467259	14.783687	14.8155788	14.2825637	15.1184873	0.0348675447	0.178738942	0	100	0	0	0	3
290	28	0.0168534618	1.81091713	14.8450571	14.8168488	14.2825637	15.1184873	0.0348675447	0.178738942	0	100	0	0	0	3
291	28	0.0169164123	1.81716167	14.9015124	14.8167339	14.2825637	15.1184873	0.0348675447	0.178738942	0	100	0	0	0	3
292	28	0.0169793158	1.82340622	15.0641563	14.8183879	14.2825637	15.1184873	0.0348675447	0.178738942	0	100	0	0	0	3
293	28	0.0170422696	1.82965076	14.9685126	14.8191448	14.2825637	15.1184873	0.0348675447	0.178738942	0	100	0	0	0	3
294	28	0.0171051758	1.8358953	14.9878589	14.8207519	14.2825637	15.1184873	0.0274154397	0.178738942	0	100	0	0	0	3
295	28	0.0171681311	1.84213984	14.9066438	14.8188613	14.2825637	15.1184873	0.0258290955	0.178738942	0	100	0	0	0	3
296	28	0.017231039	1.84838438	15.0531962	14.8197545	14.2825637	15.1184873	0.0258290955	0.178738942	0	100	0	0	0	3
297	28	0.0172939963	1.85462893	14.5719526	14.8141251	14.2825637	15.1184873	0.0258290955	0.178738942	0	100	0	0	0	3
298	28	0.0173569059	1.86087347	14.8333776	14.8174968	14.2825637	15.1184873	0.0258290955	0.178738942	0	100	0	0	0	3
299	28	0.0174198648	1.86711801	14.7793084	14.8183716	14.2825637	15.1184873	0.0258290955	0.178738942	0	100	0	0	0	3
300	29	0.0174827762	1.87336255	14.8721595	14.8195613	14.2825637	15.1184873	0.0258290955	0.178738942	0	100	0	0	0	3
301	29	0.0175457369	1.87960709	15.0006193	14.8205213	14.2825637	15.1184873	0.0258290955	0.178738942	0	100	0	0	0	3
302	29	0.0176086505	1.88585163	15.1159315	14.8227708	14.2825637	15.1184873	0.0258290955	0.178738942	0	100	0	0	0	3
303	29	0.0176716135	1.89209618	14.9327877	14.822653	14.2825637	15.1184873	0.0258290955	0.178738942	0	100	0	0	0	3
