Iteration	CPUTime	PhysTime	Travels	Value	AvValue	MinValue	MaxValue	Delta	Criteria	Progress	dGMaxMin	CriteriaType	CriteriaVarType	CriteriaPercentage
1	1	6.50512246e-06	0.00624454184	100670.016	100670.016	100670.016	100670.016	0	0	0	0	1.41033e+06	0	0	3
2	1	1.06037066e-05	0.0124890837	101244.594	100892.104	100670.016	101244.594	222.088105	0	0	0	1.11674e+06	0	0	3
3	1	1.47629998e-05	0.0187336255	101241.328	100990.494	100670.016	101244.594	320.477551	0	0	0	1.06605e+06	0	0	3
4	1	1.89739938e-05	0.0249781673	101232.657	101044.238	100670.016	101244.594	374.222034	0	0	0	1.01253e+06	0	0	3
5	1	2.33188437e-05	0.0312227092	101268.741	101086.068	100670.016	101268.741	416.052275	0	0	0	1.00957e+06	0	0	3
6	1	3.0512884e-05	0.037467251	101271.537	101129.796	100670.016	101271.537	459.780273	0	0	0	999490	0	0	3
7	1	3.85844872e-05	0.0437117929	101267.947	101158.697	100670.016	101271.537	488.6804	0	0	0	1.00206e+06	0	0	3
8	2	4.70321419e-05	0.0499563347	101262.356	101177.315	100670.016	101271.537	507.299103	0	0	0	996683	0	0	3
9	2	5.56536416e-05	0.0562008765	101260.697	101190.232	100670.016	101271.537	520.216043	0	0	0	997874	0	0	3
10	2	6.44025681e-05	0.0624454184	101256.06	101199.175	100670.016	101271.537	529.158578	0	0	0	997931	0	0	3
11	2	7.76871264e-05	0.0686899602	101253.711	101208.5	100670.016	101271.537	538.484325	0	0	0	1.00003e+06	0	0	3
12	2	9.1152361e-05	0.074934502	101256.69	101215.619	100670.016	101271.537	545.603034	0	0	0	1.00067e+06	0	0	3
13	2	0.000104752316	0.0811790439	101254.642	101220.686	100670.016	101271.537	550.669407	0	0	0	1.00092e+06	0	0	3
14	2	0.000118448182	0.0874235857	101254.886	101224.64	100670.016	101271.537	554.623886	0	0	0	1.00196e+06	0	0	3
15	2	0.000132210507	0.0936681275	101254.612	101227.76	100670.016	101271.537	557.743808	0	0	0	1.00276e+06	0	0	3
16	2	0.000152921098	0.0999126694	101251.825	101231.019	100670.016	101271.537	561.003011	0	0	0	1.00226e+06	0	0	3
17	2	0.000173684181	0.106157211	101251.437	101233.46	100670.016	101271.537	563.443919	0	0	0	1.00191e+06	0	0	3
18	2	0.000194478849	0.112401753	101249.13	101235.136	100670.016	101271.537	565.119471	0	0	0	1.00155e+06	0	0	3
19	3	0.00021529578	0.118646295	101247.79	101236.359	100670.016	101271.537	566.343074	0	0	0	1.00082e+06	0	0	3
20	3	0.000236131681	0.124890837	101248.16	101237.4	100670.016	101271.537	567.384376	0	0	0	999689	0	0	3
21	3	0.000267412527	0.131135379	101248.035	101238.644	100670.016	101271.537	568.628364	0	0	0	998593	0	0	3
22	3	0.000298726623	0.13737992	101244.112	101239.218	100670.016	101271.537	569.201458	0	0	0	996542	0	0	3
23	3	0.000330066864	0.143624462	101242.317	101239.512	100670.016	101271.537	569.495789	0	0	0	994849	0	0	3
24	3	0.000361420165	0.149869004	101242.661	101239.785	100670.016	101271.537	569.769006	0	0	0	993524	0	0	3
25	3	0.000392772482	0.156113546	101237.699	101239.619	100670.016	101271.537	569.769006	0	0	0	992844	0	0	3
26	3	0.000439779396	0.162358088	101239.186	101239.572	100670.016	101271.537	569.769006	0	0	0	992091	0	0	3
27	3	0.00048673166	0.16860263	101238.026	101239.423	100670.016	101271.537	569.769006	0	0	0	991685	0	0	3
28	3	0.000533612304	0.174847171	101236.227	101239.142	100670.016	101271.537	569.769006	0	0	0	991632	0	0	3
29	3	0.000580418667	0.181091713	101232.448	101238.603	100670.016	101271.537	569.769006	0	0	0	991905	0	0	3
30	4	0.000627151285	0.187336255	101230.504	101237.999	100670.016	101271.537	569.769006	0	0	0	992283	0	0	3
31	4	0.000688598872	0.193580797	101230.318	101237.314	100670.016	101271.537	569.769006	0	0	0	992394	0	0	3
32	4	0.000749944544	0.199825339	101232.098	101236.887	100670.016	101271.537	569.769006	0	0	0	992585	0	0	3
33	4	0.000811197108	0.206069881	101224.65	101235.963	100670.016	101271.537	569.769006	0	0	0	992804	0	0	3
34	4	0.000872372561	0.212314422	101226.388	101235.292	100670.016	101271.537	569.769006	0	0	0	992892	0	0	3
35	4	0.000933488199	0.218558964	101223.242	101234.503	100670.016	101271.537	569.769006	0	0	0	992908	0	0	3
36	4	0.000994558634	0.224803506	101224.012	101233.858	100670.016	101271.537	569.769006	0	0	0	992653	0	0	3
37	4	0.00105559606	0.231048048	101217.424	101232.908	100670.016	101271.537	569.769006	0	0	0	992368	0	0	3
38	4	0.0011166096	0.23729259	101220.841	101232.249	100670.016	101271.537	569.769006	0	0	0	991948	0	0	3
39	4	0.00117760559	0.243537132	101216.239	101231.42	100670.016	101271.537	569.769006	0	0	0	991360	0	0	3
40	5	0.00123859033	0.249781673	101220.019	101230.858	100670.016	101271.537	569.769006	0	0	0	990505	0	0	3
41	5	0.00129957027	0.256026215	101211.904	101229.969	100670.016	101271.537	569.769006	0	0	0	989552	0	0	3
42	5	0.00136055191	0.262270757	101214.995	101229.298	100670.016	101271.537	569.769006	0	0	0	988548	0	0	3
43	5	0.00142154009	0.268515299	101216.546	101228.751	100670.016	101271.537	569.769006	0	0	0	987573	0	0	3
44	5	0.00148253747	0.274759841	101208.697	101227.926	100670.016	101271.537	569.769006	0	0	0	986500	0	0	3
45	5	0.00154354596	0.281004383	101212.322	101227.309	100670.016	101271.537	569.769006	0	0	0	985379	0	0	3
46	5	0.00160456758	0.287248924	101210.903	101226.685	100670.016	101271.537	569.769006	0	0	0	984256	0	0	3
47	5	0.00166560401	0.293493466	101207.507	101225.982	100670.016	101271.537	569.769006	0	0	0	983207	0	0	3
48	5	0.00172665603	0.299738008	101205.383	101225.254	100670.016	101271.537	569.769006	0	0	0	982180	0	0	3
49	5	0.00178772435	0.30598255	101208.598	101224.685	100670.016	101271.537	569.769006	0	0	0	981054	0	0	3
50	5	0.00184881149	0.312227092	101200.907	101223.899	100670.016	101271.537	569.769006	0	0	0	979900	0	0	3
51	6	0.00190991931	0.318471634	101199.467	101223.117	100670.016	101271.537	569.769006	0	0	0	978809	0	0	3
52	6	0.00197104866	0.324716175	101201.656	101222.452	100670.016	101271.537	569.769006	0	0	0	977799	0	0	3
53	6	0.00203220002	0.330960717	101203.727	101221.888	100670.016	101271.537	569.769006	0	0	0	976778	0	0	3
54	6	0.00209337324	0.337205259	101199.479	101221.234	100670.016	101271.537	569.769006	0	0	0	975731	0	0	3
55	6	0.00215456887	0.343449801	101195.318	101220.497	100670.016	101271.537	569.769006	0	0	0	974781	0	0	3
56	6	0.00221578673	0.349694343	101196.908	101219.846	100670.016	101271.537	569.769006	0	0	0	973855	0	0	3
57	6	0.00227702662	0.355938885	101197.879	101219.255	100670.016	101271.537	569.769006	0	0	0	972883	0	0	3
58	6	0.00233828847	0.362183426	101190.047	101218.49	100670.016	101271.537	569.769006	0	0	0	971934	0	0	3
59	6	0.0023995722	0.368427968	101191.309	101217.796	100670.016	101271.537	569.769006	0	0	0	971026	0	0	3
60	6	0.00246087776	0.37467251	101193.7	101217.195	100670.016	101271.537	569.769006	0	0	0	970116	0	0	3
61	7	0.002522205	0.380917052	101185.496	101216.424	100670.016	101271.537	569.769006	0	0	0	969254	0	0	3
62	7	0.00258355353	0.387161594	101190.091	101215.799	100670.016	101271.537	569.769006	0	0	0	968444	0	0	3
63	7	0.00264492266	0.393406136	101188.647	101215.169	100670.016	101271.537	569.769006	0	0	0	967600	0	0	3
64	7	0.00270631222	0.399650678	101185.741	101214.502	100670.016	101271.537	569.769006	0	0	0	966791	0	0	3
65	7	0.00276772179	0.405895219	101185.886	101213.867	100670.016	101271.537	569.769006	0	0	0	966058	0	0	3
66	7	0.00282915067	0.412139761	101186.505	101213.273	100670.016	101271.537	569.769006	0	0	0	965360	0	0	3
67	7	0.00289059824	0.418384303	101182.841	101212.626	100670.016	101271.537	569.769006	0	0	0	964656	0	0	3
68	7	0.00295206397	0.424628845	101179.904	101211.944	100670.016	101271.537	569.769006	0	0	0	963975	0	0	3
69	7	0.00301354763	0.430873387	101179.846	101211.29	100670.016	101271.537	569.769006	0	0	0	977618	0	0	3
70	7	0.00307510149	0.437117929	101179.386	101210.651	100670.016	101271.537	569.769006	0	0	0	978153	0	0	3
71	8	0.00313690541	0.44336247	101179.554	101210.038	100670.016	101271.537	569.769006	0	0	0	980122	0	0	3
72	8	0.00319879666	0.449607012	101180.955	101209.476	100670.016	101271.537	569.769006	0	0	0	971731	0	0	3
73	8	0.00326076524	0.455851554	101169.68	101208.719	100670.016	101271.537	569.769006	0	0	0	973967	0	0	3
74	8	0.00332267351	0.462096096	101168.064	101207.962	100670.016	101271.537	569.769006	0	0	0	965347	0	0	3
75	8	0.00338459537	0.468340638	101171.982	101207.304	100670.016	101271.537	569.769006	0	0	0	969973	0	0	3
76	8	0.00344645545	0.47458518	101175.845	101206.739	100670.016	101271.537	569.769006	0	0	0	963013	0	0	3
77	8	0.00350835914	0.480829721	101172.838	101206.141	100670.016	101271.537	569.769006	0	0	0	968610	0	0	3
78	8	0.00357023192	0.487074263	101174.1	101205.585	100670.016	101271.537	569.769006	0	0	0	962295	0	0	3
79	8	0.00363216609	0.493318805	101169.133	101204.964	100670.016	101271.537	569.769006	0	0	0	968044	0	0	3
80	8	0.00369407678	0.499563347	101166.808	101204.324	100670.016	101271.537	569.769006	0	0	0	961712	0	0	3
81	9	0.00375604815	0.505807889	101167.22	101203.712	100670.016	101271.537	569.769006	0	0	0	967506	0	0	3
82	9	0.00381799341	0.512052431	101154.661	101203.826	101154.661	101271.537	116.875806	0	0	0	961187	0	0	3
83	9	0.00387999588	0.518296972	101159.84	101203.078	101154.661	101271.537	116.875806	0	0	0	966944	0	0	3
84	9	0.00394196818	0.524541514	101166.076	101202.453	101154.661	101271.537	116.875806	0	0	0	960521	0	0	3
85	9	0.00400399661	0.530786056	101165.989	101201.854	101154.661	101271.537	116.875806	0	0	0	966378	0	0	3
86	9	0.00406599527	0.537030598	101163.593	101201.195	101154.661	101271.537	109.988733	0	0	0	959992	0	0	3
87	9	0.00412804942	0.54327514	101159.937	101200.447	101154.661	101267.947	81.0886065	0	0	0	965733	0	0	3
88	9	0.00419007322	0.549519682	101163.384	101199.762	101154.661	101262.356	62.4699035	0	0	0	959328	0	0	3
89	9	0.00425215387	0.555764223	101150.811	101198.914	101150.811	101260.697	49.5529635	0	0	0	965135	0	0	3
90	9	0.00431420377	0.562008765	101151.47	101198.097	101150.811	101256.69	41.6878743	0	0	0	958747	0	0	3
91	9	0.00437630984	0.568253307	101151.601	101197.31	101150.811	101256.69	42.4751889	0	0	0	964495	0	0	3
92	10	0.00443838457	0.574497849	101151.522	101196.486	101150.811	101256.69	43.298801	0	0	0	958003	0	0	3
93	10	0.00450051583	0.580742391	101152.43	101195.682	101150.811	101254.886	44.1034434	0	0	0	963775	0	0	3
94	10	0.00456261675	0.586986933	101147.448	101194.83	101147.448	101254.886	44.9552401	0	0	0	957329	0	0	3
95	10	0.00462477484	0.593231474	101149.484	101194.022	101147.448	101254.612	45.7632392	0	0	0	963060	0	0	3
96	10	0.00468690215	0.599476016	101146.188	101193.186	101146.188	101251.825	46.5987862	0	0	0	956618	0	0	3
97	10	0.00474908646	0.605720558	101151.291	101192.355	101146.188	101251.437	47.4298456	0	0	0	962354	0	0	3
98	10	0.00481123933	0.6119651	101145.213	101191.459	101145.213	101249.13	48.3261643	0	0	0	955889	0	0	3
99	10	0.00487344951	0.618209642	101141.334	101190.536	101141.334	101248.16	49.2489232	0	0	0	961589	0	0	3
100	10	0.00493562821	0.624454184	101140.786	101189.628	101140.786	101248.16	50.15675	0	0	0	955155	0	0	3
101	11	0.00499786447	0.630698725	101140.393	101188.729	101140.393	101248.035	51.0563794	0	0	0	960889	0	0	3
102	11	0.00506006881	0.636943267	101138.879	101187.695	101138.879	101244.112	52.0904694	0	0	0	954456	0	0	3
103	11	0.00512233063	0.643187809	101139.064	101186.701	101138.879	101242.661	53.08443	0	0	0	960175	0	0	3
104	11	0.00518455998	0.649432351	101130.935	101185.627	101130.935	101242.661	54.1583482	0	0	0	953818	0	0	3
105	11	0.00524684646	0.655676893	101129.936	101184.551	101129.936	101239.186	55.067909	0	0	0	959516	0	0	3
106	11	0.00530909936	0.661921435	101131.024	101183.534	101129.936	101239.186	56.0383594	0	0	0	953155	0	0	3
107	11	0.00537140935	0.668165976	101132.432	101182.358	101129.936	101238.026	57.0653425	0	0	0	958900	0	0	3
108	11	0.00543368529	0.674410518	101129.569	101181.165	101129.569	101236.227	57.9774063	0	0	0	952585	0	0	3
109	11	0.00549601758	0.68065506	101129.441	101179.995	101129.441	101232.448	58.607454	0	0	0	958336	0	0	3
110	11	0.00555831439	0.686899602	101129.795	101178.874	101129.441	101232.098	59.1254106	0	0	0	951999	0	0	3
111	11	0.00562066729	0.693144144	101127.958	101177.755	101127.958	101232.098	59.5589025	0	0	0	957831	0	0	3
112	12	0.00568298433	0.699388686	101125.968	101176.462	101125.968	101232.098	60.4251302	0	0	0	951496	0	0	3
113	12	0.00574535689	0.705633227	101124.333	101175.128	101124.333	101226.388	60.8352405	0	0	0	957324	0	0	3
114	12	0.00580769266	0.711877769	101124.176	101173.885	101124.176	101226.388	61.4065712	0	0	0	950982	0	0	3
115	12	0.00587008375	0.718122311	101122.141	101172.596	101122.141	101224.012	61.9063059	0	0	0	956818	0	0	3
116	12	0.00593243802	0.724366853	101121.783	101171.343	101121.783	101224.012	62.5151144	0	0	0	950428	0	0	3
117	12	0.00599484798	0.730611395	101121.067	101170.073	101121.067	101220.841	62.8355861	0	0	0	956326	0	0	3
118	12	0.00605722051	0.736855937	101122.997	101168.908	101121.067	101220.841	63.3411277	0	0	0	949876	0	0	3
119	12	0.00611964841	0.743100479	101120.246	101167.667	101120.246	101220.019	63.752435	0	0	0	955761	0	0	3
120	12	0.00618203929	0.74934502	101118.962	101166.468	101118.962	101220.019	64.3903163	0	0	0	949293	0	0	3
121	12	0.00624448582	0.755589562	101117.583	101165.206	101117.583	101216.546	64.7631515	0	0	0	955260	0	0	3
122	12	0.0063068947	0.761834104	101118.537	101164.055	101117.583	101216.546	65.2423609	0	0	0	948728	0	0	3
123	13	0.00636935873	0.768078646	101114.284	101162.814	101114.284	101216.546	65.9361559	0	0	0	954692	0	0	3
124	13	0.00643178579	0.774323188	101115.129	101161.566	101114.284	101212.322	66.3593006	0	0	0	948253	0	0	3
125	13	0.00649426862	0.78056773	101114.664	101160.408	101114.284	101212.322	66.900939	0	0	0	954268	0	0	3
126	13	0.00655671273	0.786812271	101117.07	101159.236	101114.284	101210.903	67.448617	0	0	0	947798	0	0	3
127	13	0.00661921185	0.793056813	101116.592	101158.076	101114.284	101208.598	67.9060556	0	0	0	953864	0	0	3
128	13	0.00668167183	0.799301355	101117.073	101156.964	101114.284	101208.598	68.2897452	0	0	0	947427	0	0	3
129	13	0.00674418627	0.805545897	101114.457	101155.845	101114.284	101208.598	68.8395436	0	0	0	953416	0	0	3
130	13	0.00680666026	0.811790439	101113.504	101154.676	101113.504	101203.727	69.2228369	0	0	0	946923	0	0	3
131	13	0.00686918941	0.818034981	101112.071	101153.583	101112.071	101203.727	69.5343111	0	0	0	952899	0	0	3
132	13	0.00693167871	0.824279522	101115.132	101152.546	101112.071	101203.727	69.9055151	0	0	0	946296	0	0	3
133	13	0.00699422418	0.830524064	101112.902	101151.455	101112.071	101203.727	70.4333034	0	0	0	952279	0	0	3
134	14	0.00705673046	0.836768606	101115.583	101150.373	101112.071	101199.479	70.8608734	0	0	0	945644	0	0	3
135	14	0.00711929399	0.843013148	101114.327	101149.326	101112.071	101197.879	71.1712078	0	0	0	951704	0	0	3
136	14	0.00718181849	0.84925769	101116.352	101148.356	101112.071	101197.879	71.4894221	0	0	0	945130	0	0	3
137	14	0.00724439956	0.855502232	101114.946	101147.349	101112.071	101197.879	71.9054799	0	0	0	951282	0	0	3
138	14	0.00730694057	0.861746773	101116.645	101146.352	101112.071	101193.7	72.1372264	0	0	0	944741	0	0	3
139	14	0.00736953724	0.867991315	101111.742	101145.39	101111.742	101193.7	72.4056894	0	0	0	950975	0	0	3
140	14	0.00743209246	0.874235857	101116.49	101144.471	101111.742	101193.7	72.7238255	0	0	0	944508	0	0	3
141	14	0.00749470212	0.880480399	101115.72	101143.514	101111.742	101190.091	72.9102043	0	0	0	950759	0	0	3
142	14	0.00755726871	0.886724941	101116.89	101142.672	101111.742	101190.091	73.1270829	0	0	0	944248	0	0	3
143	14	0.00761988883	0.892969483	101112.533	101141.72	101111.742	101188.647	73.4494552	0	0	0	950420	0	0	3
144	14	0.00768246564	0.899214024	101118.473	101140.859	101111.742	101186.505	73.6423711	0	0	0	943825	0	0	3
145	15	0.00774509658	0.905458566	101114.823	101139.989	101111.742	101186.505	73.8778966	0	0	0	950006	0	0	3
146	15	0.00780768476	0.911703108	101115.47	101139.125	101111.742	101186.505	74.1475174	0	0	0	943319	0	0	3
147	15	0.00787032788	0.91794765	101111.828	101138.209	101111.742	101182.841	71.0988113	0	0	0	949505	0	0	3
148	15	0.00793292914	0.924192192	101115.222	101137.379	101111.742	101180.955	69.2128141	0	0	0	942833	0	0	3
149	15	0.00799558576	0.930436734	101111.181	101136.536	101111.181	101180.955	69.7737192	0	0	0	949091	0	0	3
150	15	0.00805820019	0.936681275	101117.948	101135.777	101111.181	101180.955	69.7737192	0	0	0	942439	0	0	3
151	15	0.00812086966	0.942925817	101114.684	101134.983	101111.181	101180.955	69.7737192	0	0	0	948803	0	0	3
152	15	0.00818349619	0.949170359	101122.494	101134.282	101111.181	101180.955	69.7737192	0	0	0	942201	0	0	3
153	15	0.0082461765	0.955414901	101118.189	101133.51	101111.181	101175.845	64.6633282	0	0	0	948591	0	0	3
154	15	0.0083088126	0.961659443	101122.697	101132.932	101111.181	101175.845	64.6633282	0	0	0	941998	0	0	3
155	15	0.00837150158	0.967903985	101118.315	101132.32	101111.181	101175.845	64.6633282	0	0	0	948376	0	0	3
156	16	0.00843414583	0.974148526	101127.532	101131.774	101111.181	101175.845	64.6633282	0	0	0	941702	0	0	3
157	16	0.00849684309	0.980393068	101123.571	101131.132	101111.181	101174.1	62.9184086	0	0	0	948109	0	0	3
158	16	0.00855949569	0.98663761	101123.397	101130.525	101111.181	101174.1	62.9184086	0	0	0	941397	0	0	3
159	16	0.00862220149	0.992882152	101121.818	101129.883	101111.181	101169.133	57.9513859	0	0	0	947775	0	0	3
160	16	0.00868486288	0.999126694	101124.888	101129.34	101111.181	101167.22	56.038956	0	0	0	941069	0	0	3
161	16	0.00874757768	1.00537124	101122.573	101128.797	101111.181	101167.22	56.038956	4.81066794	0	0	947505	0	0	3
162	16	0.00881024765	1.01161578	101124.147	101128.269	101111.181	101166.076	54.895122	4.81066794	0	0	940795	0	0	3
163	16	0.00887297064	1.01786032	101129.911	101127.965	101111.181	101166.076	54.895122	4.81066794	0	0	947326	0	0	3
164	16	0.00893564807	1.02410486	101129.201	101127.59	101111.181	101166.076	54.895122	4.81066794	0	0	940619	0	0	3
165	16	0.00899837771	1.0303494	101132.699	101127.182	101111.181	101165.989	54.8081684	4.81066794	0	0	947142	0	0	3
166	17	0.00906106153	1.03659394	101131.434	101126.758	101111.181	101163.593	52.4122814	4.81066794	0	0	940416	0	0	3
167	17	0.00912379746	1.04283849	101139.823	101126.469	101111.181	101163.384	52.2032613	4.81066794	0	0	946966	0	0	3
168	17	0.00918648765	1.04908303	101137.443	101126.194	101111.181	101163.384	52.2032613	4.81066794	0	0	940181	0	0	3
169	17	0.00924922983	1.05532757	101136.754	101125.869	101111.181	101152.43	41.2483653	4.81066794	0	0	946760	0	0	3
170	17	0.00931192609	1.06157211	101138.955	101125.725	101111.181	101152.43	41.2483653	4.81066794	0	0	939977	0	0	3
171	17	0.00937467451	1.06781665	101140.329	101125.591	101111.181	101152.43	41.2483653	4.81066794	0	0	946537	0	0	3
172	17	0.00943737706	1.0740612	101143.729	101125.496	101111.181	101152.43	41.2483653	4.81066794	0	0	939740	0	0	3
173	17	0.00950013175	1.08030574	101140.831	101125.367	101111.181	101152.43	41.2483653	4.81066794	0	0	946463	0	0	3
174	17	0.00956283965	1.08655028	101137.852	101125.19	101111.181	101151.291	40.1095644	4.81066794	0	0	939545	0	0	3
175	17	0.00962559771	1.09279482	101150.64	101125.232	101111.181	101151.291	40.1095644	4.81066794	0	0	946206	0	0	3
176	17	0.00968831079	1.09903936	101153.43	101125.284	101111.181	101153.43	42.2488997	4.81066794	0	0	939397	0	0	3
177	18	0.00975107581	1.10528391	101144.369	101125.264	101111.181	101153.43	42.2488997	4.81066794	0	0	946067	0	0	3
178	18	0.0098137941	1.11152845	101151.191	101125.265	101111.181	101153.43	42.2488997	4.81066794	0	0	939183	0	0	3
179	18	0.00987656424	1.11777299	101151.566	101125.347	101111.181	101153.43	42.2488997	4.81066794	0	0	945873	0	0	3
180	18	0.00993928817	1.12401753	101157.885	101125.553	101111.181	101157.885	46.7034316	4.81066794	0	0	939001	0	0	3
181	18	0.0100020639	1.13026207	101154.014	101125.719	101111.181	101157.885	46.7034316	4.81066794	0	0	945726	0	0	3
182	18	0.0100647929	1.13650661	101157.712	101125.935	101111.181	101157.885	46.7034316	4.81066794	0	0	938812	0	0	3
183	18	0.0101275736	1.14275116	101156.449	101126.154	101111.181	101157.885	46.7034316	4.81066794	0	0	945598	0	0	3
184	18	0.0101903075	1.1489957	101158.115	101126.391	101111.181	101158.115	46.9336565	4.81066794	0	0	938637	0	0	3
185	18	0.0102530927	1.15524024	101160.711	101126.76	101111.181	101160.711	49.5296855	4.81066794	0	0	945402	0	0	3
186	18	0.0103158313	1.16148478	101155.828	101127.081	101111.181	101160.711	49.5296855	4.81066794	0	0	938455	0	0	3
187	18	0.0103786214	1.16772932	101158.475	101127.421	101111.181	101160.711	49.5296855	4.81066794	0	0	945240	0	0	3
188	19	0.0104413651	1.17397387	101158.825	101127.748	101111.181	101160.711	49.5296855	4.81066794	0	0	938225	0	0	3
189	19	0.0105041607	1.18021841	101162.161	101128.152	101111.181	101162.161	50.9794926	4.81066794	0	0	945151	0	0	3
190	19	0.0105669103	1.18646295	101162.297	101128.559	101111.181	101162.297	51.1158384	4.81066794	0	0	938077	0	0	3
191	19	0.0106297102	1.19270749	101158.949	101128.92	101111.181	101162.297	51.1158384	4.81066794	0	0	945003	0	0	3
192	19	0.0106924648	1.19895203	101160.958	101129.328	101111.181	101162.297	51.1158384	4.81066794	0	0	938038	0	0	3
193	19	0.0107552694	1.20519657	101158.827	101129.735	101111.181	101162.297	49.9379482	4.81066794	0	0	944891	0	0	3
194	19	0.0108180266	1.21144112	101162.479	101130.206	101111.181	101162.479	48.6951809	4.81066794	0	0	937803	0	0	3
195	19	0.0108808354	1.21768566	101162.28	101130.677	101111.181	101162.479	47.4065405	4.81066794	0	0	944787	0	0	3
196	19	0.0109435985	1.2239302	101160.695	101131.154	101111.181	101162.479	46.1535527	4.81066794	0	0	937706	0	0	3
197	19	0.0110064116	1.23017474	101162.821	101131.661	101111.181	101162.821	44.8827738	4.81066794	0	0	944633	0	0	3
198	19	0.0110691783	1.23641928	101158.813	101132.127	101111.181	101162.821	43.717869	4.81066794	0	0	937487	0	0	3
199	20	0.0111319956	1.24266383	101152.01	101132.485	101111.181	101162.821	42.4773252	4.81066794	0	0	944448	0	0	3
200	20	0.0111947672	1.24890837	101159.71	101132.973	101111.181	101162.821	41.278102	4.81066794	0	0	937309	0	0	3
201	20	0.0112575902	1.25515291	101152.298	101133.384	101111.181	101162.821	40.0158955	4.81066794	0	0	944346	0	0	3
202	20	0.0113203673	1.26139745	101156.084	101133.859	101111.181	101162.821	38.8655405	4.81066794	0	0	937221	0	0	3
203	20	0.0113831938	1.26764199	101160.482	101134.377	101111.181	101162.821	37.624662	4.81066794	0	0	944158	0	0	3
204	20	0.0114459738	1.27388653	101158.422	101134.922	101111.181	101162.821	36.3764498	4.81066794	0	0	937003	0	0	3
205	20	0.0115088054	1.28013108	101154.139	101135.403	101111.181	101162.821	35.2180726	4.81066794	0	0	944035	0	0	3
206	20	0.0115715908	1.28637562	101153.053	101135.876	101111.181	101162.821	34.0464763	4.81066794	0	0	936854	0	0	3
207	20	0.0116344268	1.29262016	101154.625	101136.34	101111.181	101162.821	32.8862761	4.81066794	0	0	943893	0	0	3
208	20	0.0116972164	1.2988647	101154.78	101136.811	101111.181	101162.821	31.7742163	4.81066794	0	0	936660	0	0	3
209	21	0.0117600561	1.30510924	101153.584	101137.261	101111.181	101162.821	30.6554717	4.81066794	0	0	943760	0	0	3
210	21	0.0118228501	1.31135379	101155.936	101137.773	101111.181	101162.821	29.4865415	4.81066794	0	0	936453	0	0	3
211	21	0.0118856945	1.31759833	101153.324	101138.264	101111.181	101162.821	28.3933627	4.81066794	0	0	943599	0	0	3
212	21	0.0119484943	1.32384287	101156.445	101138.811	101111.181	101162.821	27.35655	4.81066794	0	0	936380	0	0	3
213	21	0.012011344	1.33008741	101154.364	101139.295	101111.181	101162.821	26.2652935	4.81066794	0	0	943452	0	0	3
214	21	0.0120741472	1.33633195	101156.478	101139.832	101111.181	101162.821	25.1828652	4.81066794	0	0	936214	0	0	3
215	21	0.012137001	1.34257649	101153.43	101140.299	101111.181	101162.821	24.1364698	4.81066794	0	0	943318	0	0	3
216	21	0.0121998089	1.34882104	101149.641	101140.734	101111.181	101162.821	23.1665164	4.81066794	0	0	936042	0	0	3
217	21	0.0122626675	1.35506558	101149.333	101141.14	101111.181	101162.821	22.1596688	4.81066794	0	0	943139	0	0	3
218	21	0.0123254804	1.36131012	101152.985	101141.609	101111.181	101162.821	21.1626895	4.81066794	0	0	935884	0	0	3
219	21	0.012388344	1.36755466	101153.631	101142.065	101111.181	101162.821	20.2000463	4.81066794	0	0	943021	0	0	3
220	22	0.0124511615	1.3737992	101154.072	101142.587	101111.181	101162.821	19.2816344	4.81066794	0	0	935734	0	0	3
221	22	0.0125140298	1.38004375	101150.15	101143.002	101111.181	101162.821	18.3244914	4.81066794	0	0	942945	0	0	3
222	22	0.0125768518	1.38628829	101152.32	101143.453	101111.181	101162.821	18.263529	4.81066794	0	0	935603	0	0	3
223	22	0.0126397234	1.39253283	101152.399	101143.891	101111.181	101162.821	18.7011874	4.81066794	0	0	942745	0	0	3
224	22	0.0127025492	1.39877737	101154.539	101144.409	101111.181	101162.821	19.2191456	4.81066794	0	0	935464	0	0	3
225	22	0.012765426	1.40502191	101154.261	101144.85	101111.181	101162.821	19.6603099	4.81066794	0	0	942643	0	0	3
226	22	0.0128282566	1.41126645	101153.038	101145.321	101111.181	101162.821	20.1314915	4.81066794	0	0	935330	0	0	3
227	22	0.0128911375	1.417511	101154.924	101145.808	101111.181	101162.821	20.6178045	4.81066794	0	0	942567	0	0	3
228	22	0.0129539716	1.42375554	101155.216	101146.343	101111.181	101162.821	21.1528063	4.81066794	0	0	935170	0	0	3
229	22	0.0130168551	1.43000008	101158.877	101146.881	101111.181	101162.821	21.6910523	4.81066794	0	0	942462	0	0	3
230	22	0.0130796931	1.43624462	101156.57	101147.441	101114.684	101162.821	22.2507696	4.81066794	0	0	935126	0	0	3
231	22	0.0131425805	1.44248916	101154.26	101147.888	101114.684	101162.821	22.69832	4.81066794	0	0	942363	0	0	3
232	23	0.0132054217	1.44873371	101154.282	101148.376	101118.189	101162.821	23.1866031	4.81066794	0	0	934992	0	0	3
233	23	0.0132683128	1.45497825	101152.247	101148.743	101118.189	101162.821	23.5532549	4.81066794	0	0	942284	0	0	3
234	23	0.0133311574	1.46122279	101155.879	101149.208	101118.315	101162.821	24.0180714	4.81066794	0	0	934921	0	0	3
235	23	0.0133940514	1.46746733	101155.085	101149.607	101118.315	101162.821	24.4173068	4.81066794	0	0	942267	0	0	3
236	23	0.0134568986	1.47371187	101158.377	101150.101	101121.818	101162.821	24.9114338	4.81066794	0	0	934912	0	0	3
237	23	0.0135197936	1.47995642	101152.568	101150.41	101121.818	101162.821	25.219941	4.81066794	0	0	942155	0	0	3
238	23	0.0135826415	1.48620096	101157.252	101150.825	101121.818	101162.821	25.6353598	4.81066794	0	0	934773	0	0	3
239	23	0.0136455394	1.4924455	101156.793	101151.237	101121.818	101162.821	26.0470376	4.81066794	0	0	942109	0	0	3
240	23	0.013708391	1.49869004	101160.437	101151.713	101122.573	101162.821	26.5234219	4.81066794	0	0	934767	0	0	3
241	23	0.0137712912	1.50493458	101155.741	101152.093	101122.573	101162.821	26.9036922	4.81066794	0	0	942037	0	0	3
242	23	0.0138341441	1.51117912	101159.587	101152.55	101124.147	101162.821	27.3602561	4.81066794	0	0	934637	0	0	3
243	24	0.0138970463	1.51742367	101156.297	101152.946	101129.201	101162.821	27.7565179	4.81066794	0	0	941974	0	0	3
244	24	0.0139599019	1.52366821	101160.506	101153.324	101129.201	101162.821	28.1339664	4.81066794	0	0	934608	0	0	3
245	24	0.0140228063	1.52991275	101153.478	101153.623	101131.434	101162.821	28.4330761	4.81066794	0	0	941926	0	0	3
246	24	0.0140856631	1.53615729	101159.053	101153.948	101131.434	101162.821	28.7581837	4.81066794	0	0	934520	0	0	3
247	24	0.0141485686	1.54240183	101152.908	101154.213	101136.754	101162.821	26.0663584	4.81066794	0	0	941811	0	0	3
248	24	0.0142114275	1.54864638	101158.916	101154.448	101136.754	101162.821	26.0663584	4.81066794	0	0	934392	0	0	3
249	24	0.0142743365	1.55489092	101156.093	101154.678	101136.754	101162.821	26.0663584	4.81066794	0	0	941771	0	0	3
250	24	0.014337199	1.56113546	101165.459	101155.032	101137.852	101165.459	27.6065113	4.81066794	0	0	934405	0	0	3
251	24	0.0144001102	1.56738	101157.149	101155.256	101137.852	101165.459	27.6065113	4.81066794	0	0	941697	0	0	3
252	24	0.0144629739	1.57362454	101165.246	101155.564	101137.852	101165.459	27.6065113	4.81066794	0	0	934366	0	0	3
253	24	0.0145258867	1.57986908	101159.24	101155.755	101137.852	101165.459	27.6065113	4.81066794	0	0	941651	0	0	3
254	24	0.0145887518	1.58611363	101167.161	101156.08	101137.852	101167.161	29.30904	4.81066794	0	0	934282	0	0	3
255	25	0.0146516665	1.59235817	101158.629	101156.336	101144.369	101167.161	22.7923846	4.81066794	0	0	941607	0	0	3
256	25	0.0147145338	1.59860271	101164.072	101156.502	101144.369	101167.161	22.7923846	4.81066794	0	0	934245	0	0	3
257	25	0.0147774503	1.60484725	101154.889	101156.52	101144.369	101167.161	22.7923846	4.81066794	0	0	941493	0	0	3
258	25	0.0148403192	1.61109179	101166.346	101156.791	101149.333	101167.161	17.8284904	4.81066794	0	0	934163	0	0	3
259	25	0.0149032381	1.61733634	101158.034	101156.876	101149.333	101167.161	17.8284904	4.81066794	0	0	941442	0	0	3
260	25	0.0149661092	1.62358088	101165.297	101157.045	101149.333	101167.161	17.8284904	4.81066794	0	0	934057	0	0	3
261	25	0.0150290303	1.62982542	101158.184	101157.049	101149.333	101167.161	17.8284904	4.81066794	0	0	941369	0	0	3
262	25	0.015091904	1.63606996	101167.014	101157.209	101149.333	101167.161	17.8284904	4.81066794	0	0	934012	0	0	3
263	25	0.0151548275	1.6423145	101159.328	101157.229	101149.333	101167.161	17.8284904	4.81066794	0	0	941295	0	0	3
264	25	0.0152177033	1.64855904	101169.018	101157.385	101149.333	101169.018	19.6849184	4.81066794	0	0	933953	0	0	3
265	25	0.0152806289	1.65480359	101159.227	101157.398	101149.333	101169.018	19.6849184	4.81066794	0	0	941234	0	0	3
266	26	0.0153435066	1.66104813	101166.625	101157.472	101149.333	101169.018	19.6849184	4.81066794	0	0	933842	0	0	3
267	26	0.0154064346	1.66729267	101161.927	101157.547	101149.333	101169.018	19.6849184	4.81066794	0	0	941198	0	0	3
268	26	0.0154693152	1.67353721	101170.879	101157.7	101149.333	101170.879	21.5463363	4.81066794	0	0	933826	0	0	3
269	26	0.0155322451	1.67978175	101164.587	101157.771	101149.333	101170.879	21.5463363	4.81066794	0	0	941152	0	0	3
270	26	0.0155951268	1.6860263	101170.898	101157.879	101149.333	101170.898	21.5648224	4.81066794	0	0	933773	0	0	3
271	26	0.0156580578	1.69227084	101162.517	101157.882	101149.333	101170.898	21.5648224	4.81066794	0	0	941083	0	0	3
272	26	0.015720941	1.69851538	101169.895	101158.017	101149.333	101170.898	21.5648224	4.81066794	0	0	933686	0	0	3
273	26	0.0157838742	1.70475992	101165.251	101158.071	101149.333	101170.898	21.5648224	4.81066794	0	0	941046	0	0	3
274	26	0.0158467597	1.71100446	101171.005	101158.221	101149.333	101171.005	21.6726323	4.81066794	0	0	933634	0	0	3
275	26	0.0159096945	1.717249	101163.1	101158.229	101149.333	101171.005	21.6726323	4.81066794	0	0	940963	0	0	3
276	26	0.0159725817	1.72349355	101170.541	101158.331	101149.333	101171.005	21.6726323	4.81066794	0	0	933565	0	0	3
277	27	0.0160355185	1.72973809	101162.253	101158.35	101149.333	101171.005	21.6726323	4.81066794	0	0	940882	0	0	3
278	27	0.0160984076	1.73598263	101169.75	101158.436	101149.333	101171.005	21.6726323	4.81066794	0	0	933398	0	0	3
279	27	0.0161613471	1.74222717	101167.45	101158.543	101149.333	101171.005	21.6726323	4.81066794	0	0	940845	0	0	3
280	27	0.0162242401	1.74847171	101174.399	101158.819	101149.333	101174.399	25.0661672	4.81066794	0	0	933419	0	0	3
281	27	0.0162871815	1.75471626	101165.797	101158.894	101149.333	101174.399	25.0661672	4.81066794	0	0	940762	0	0	3
282	27	0.0163500751	1.7609608	101172.289	101159.141	101149.333	101174.399	25.0661672	4.81066794	0	0	933313	0	0	3
283	27	0.0164130188	1.76720534	101167.64	101159.284	101149.333	101174.399	24.9067984	4.81066794	0	0	940710	0	0	3
284	27	0.0164759152	1.77344988	101173.538	101159.445	101149.333	101174.399	24.5234743	4.81066794	0	0	933288	0	0	3
285	27	0.0165388608	1.77969442	101166.915	101159.55	101149.333	101174.399	24.1472156	4.81066794	0	0	940631	0	0	3
286	27	0.0166017589	1.78593897	101170.943	101159.758	101149.333	101174.399	23.8811981	4.81066794	0	0	933154	0	0	3
287	27	0.0166647071	1.79218351	101166.839	101159.928	101149.333	101174.399	23.5880774	4.81066794	0	0	940552	0	0	3
288	27	0.0167276082	1.79842805	101172.451	101160.148	101149.333	101174.399	23.3370935	4.81066794	0	0	933084	0	0	3
289	28	0.0167905589	1.80467259	101170.27	101160.339	101149.333	101174.399	23.078063	4.81066794	0	0	940571	0	0	3
290	28	0.0168534618	1.81091713	101174.105	101160.592	101149.333	101174.399	22.8198128	4.81066794	0	0	933066	0	0	3
291	28	0.0169164123	1.81716167	101171.451	101160.784	101149.333	101174.399	22.520473	4.81066794	0	0	940443	0	0	3
292	28	0.0169793158	1.82340622	101174.342	101161.044	101149.333	101174.399	22.2327147	4.81066794	0	0	932977	0	0	3
293	28	0.0170422696	1.82965076	101172.766	101161.245	101149.333	101174.399	21.9505639	4.81066794	0	0	940425	0	0	3
294	28	0.0171051758	1.8358953	101173.64	101161.483	101149.333	101174.399	21.6511513	4.81066794	0	0	932921	0	0	3
295	28	0.0171681311	1.84213984	101171.65	101161.67	101149.333	101174.399	21.3719301	4.81066794	0	0	940357	0	0	3
296	28	0.017231039	1.84838438	101173.159	101161.914	101149.333	101174.399	21.1801807	4.81066794	0	0	932882	0	0	3
297	28	0.0172939963	1.85462893	101169.587	101162.16	101149.333	101174.399	21.0199091	4.81066794	0	0	940284	0	0	3
298	28	0.0173569059	1.86087347	101173.883	101162.463	101150.15	101174.399	20.8539211	4.81066794	0	0	932791	0	0	3
299	28	0.0174198648	1.86711801	101172.366	101162.702	101150.15	101174.399	20.6371983	4.81066794	0	0	940241	0	0	3
300	29	0.0174827762	1.87336255	101173.744	101162.951	101150.15	101174.399	20.3635419	4.81066794	0	0	932719	0	0	3
301	29	0.0175457369	1.87960709	101171.896	101163.171	101150.15	101174.399	20.1687719	4.81066794	0	0	940175	0	0	3
302	29	0.0176086505	1.88585163	101174.008	101163.465	101152.247	101174.399	20.011998	4.81066794	0	0	932644	0	0	3
303	29	0.0176716135	1.89209618	101172.693	101163.717	101152.247	101174.399	19.8258005	4.81066794	0	0	940175	0	0	3
