Iteration	CPUTime	PhysTime	Travels	Value	AvValue	MinValue	MaxValue	Delta	Criteria	Progress	dGMaxMin	CriteriaType	CriteriaVarType	CriteriaPercentage
1	1	6.50512246e-06	0.00624454184	6.26868313e+11	6.26868313e+11	6.26868313e+11	6.26868313e+11	0	0	0	0	0	0	0	3
2	1	1.06037066e-05	0.0124890837	2.34364287e+11	4.75156197e+11	2.34364287e+11	6.26868313e+11	1.51712116e+11	0	0	0	0	0	0	3
3	1	1.47629998e-05	0.0187336255	2.02515807e+11	3.98343127e+11	2.02515807e+11	6.26868313e+11	2.28525185e+11	0	0	0	0	0	0	3
4	1	1.89739938e-05	0.0249781673	1.85717908e+11	3.51154141e+11	1.85717908e+11	6.26868313e+11	2.75714171e+11	0	0	0	0	0	0	3
5	1	2.33188437e-05	0.0312227092	1.84375413e+11	3.20079335e+11	1.84375413e+11	6.26868313e+11	3.06788977e+11	0	0	0	0	0	0	3
6	1	3.0512884e-05	0.037467251	1.75181418e+11	2.8591667e+11	1.75181418e+11	6.26868313e+11	3.40951643e+11	0	0	0	0	0	0	3
7	1	3.85844872e-05	0.0437117929	1.72988554e+11	2.62292903e+11	1.72988554e+11	6.26868313e+11	3.6457541e+11	0	0	0	0	0	0	3
8	2	4.70321419e-05	0.0499563347	1.69274583e+11	2.45585463e+11	1.69274583e+11	6.26868313e+11	3.81282849e+11	0	0	0	0	0	0	3
9	2	5.56536416e-05	0.0562008765	1.68659437e+11	2.33668584e+11	1.68659437e+11	6.26868313e+11	3.93199728e+11	0	0	0	0	0	0	3
10	2	6.44025681e-05	0.0624454184	1.68221271e+11	2.24777732e+11	1.68221271e+11	6.26868313e+11	4.02090581e+11	0	0	0	0	0	0	3
11	2	7.76871264e-05	0.0686899602	1.70554742e+11	2.15505559e+11	1.68221271e+11	6.26868313e+11	4.11362754e+11	0	0	0	0	0	0	3
12	2	9.1152361e-05	0.074934502	1.71194264e+11	2.08959793e+11	1.68221271e+11	6.26868313e+11	4.17908519e+11	0	0	0	0	0	0	3
13	2	0.000104752316	0.0811790439	1.72679345e+11	2.04249516e+11	1.68221271e+11	6.26868313e+11	4.22618797e+11	0	0	0	0	0	0	3
14	2	0.000118448182	0.0874235857	1.73187124e+11	2.0065785e+11	1.68221271e+11	6.26868313e+11	4.26210463e+11	0	0	0	0	0	0	3
15	2	0.000132210507	0.0936681275	1.75751878e+11	1.98065286e+11	1.68221271e+11	6.26868313e+11	4.28803026e+11	0	0	0	0	0	0	3
16	2	0.000152921098	0.0999126694	1.76778499e+11	1.95182349e+11	1.68221271e+11	6.26868313e+11	4.31685964e+11	0	0	0	0	0	0	3
17	2	0.000173684181	0.106157211	1.77287961e+11	1.93043164e+11	1.68221271e+11	6.26868313e+11	4.33825149e+11	0	0	0	0	0	0	3
18	2	0.000194478849	0.112401753	1.7948282e+11	1.91593223e+11	1.68221271e+11	6.26868313e+11	4.3527509e+11	0	0	0	0	0	0	3
19	3	0.00021529578	0.118646295	1.80528419e+11	1.90523368e+11	1.68221271e+11	6.26868313e+11	4.36344945e+11	0	0	0	0	0	0	3
20	3	0.000236131681	0.124890837	1.81381917e+11	1.8971674e+11	1.68221271e+11	6.26868313e+11	4.37151573e+11	0	0	0	0	0	0	3
21	3	0.000267412527	0.131135379	1.81336716e+11	1.88736478e+11	1.68221271e+11	6.26868313e+11	4.38131834e+11	0	0	0	0	0	0	3
22	3	0.000298726623	0.13737992	1.816326e+11	1.87991812e+11	1.68221271e+11	6.26868313e+11	4.388765e+11	0	0	0	0	0	0	3
23	3	0.000330066864	0.143624462	1.82511794e+11	1.87471478e+11	1.68221271e+11	6.26868313e+11	4.39396835e+11	0	0	0	0	0	0	3
24	3	0.000361420165	0.149869004	1.81716065e+11	1.86972195e+11	1.68221271e+11	6.26868313e+11	4.39896118e+11	0	0	0	0	0	0	3
25	3	0.000392772482	0.156113546	1.80282368e+11	1.86438192e+11	1.68221271e+11	6.26868313e+11	4.40430121e+11	0	0	0	0	0	0	3
26	3	0.000439779396	0.162358088	1.79882218e+11	1.8573744e+11	1.68221271e+11	6.26868313e+11	4.41130872e+11	0	0	0	0	0	0	3
27	3	0.00048673166	0.16860263	1.79490823e+11	1.85134864e+11	1.68221271e+11	6.26868313e+11	4.41733448e+11	0	0	0	0	0	0	3
28	3	0.000533612304	0.174847171	1.79687909e+11	1.84656321e+11	1.68221271e+11	6.26868313e+11	4.42211992e+11	0	0	0	0	0	0	3
29	3	0.000580418667	0.181091713	1.77925155e+11	1.84113503e+11	1.68221271e+11	6.26868313e+11	4.4275481e+11	0	0	0	0	0	0	3
30	4	0.000627151285	0.187336255	1.75204585e+11	1.83449649e+11	1.68221271e+11	6.26868313e+11	4.43418664e+11	0	0	0	0	0	0	3
31	4	0.000688598872	0.193580797	1.75181415e+11	1.82711827e+11	1.68221271e+11	6.26868313e+11	4.44156485e+11	0	0	0	0	0	0	3
32	4	0.000749944544	0.199825339	1.75697857e+11	1.82138083e+11	1.68221271e+11	6.26868313e+11	4.4473023e+11	0	0	0	0	0	0	3
33	4	0.000811197108	0.206069881	1.72422353e+11	1.81404459e+11	1.68221271e+11	6.26868313e+11	4.45463854e+11	0	0	0	0	0	0	3
34	4	0.000872372561	0.212314422	1.6923792e+11	1.80551276e+11	1.68221271e+11	6.26868313e+11	4.46317037e+11	0	0	0	0	0	0	3
35	4	0.000933488199	0.218558964	1.66102686e+11	1.79605324e+11	1.66102686e+11	6.26868313e+11	4.47262989e+11	0	0	0	0	0	0	3
36	4	0.000994558634	0.224803506	1.68200296e+11	1.78905003e+11	1.66102686e+11	6.26868313e+11	4.47963309e+11	0	0	0	0	0	0	3
37	4	0.00105559606	0.231048048	1.67589677e+11	1.78250721e+11	1.66102686e+11	6.26868313e+11	4.48617592e+11	0	0	0	0	0	0	3
38	4	0.0011166096	0.23729259	1.62834307e+11	1.7740834e+11	1.62834307e+11	6.26868313e+11	4.49459972e+11	0	0	0	0	0	0	3
39	4	0.00117760559	0.243537132	1.60820326e+11	1.76549137e+11	1.60820326e+11	6.26868313e+11	4.50319176e+11	0	0	0	0	0	0	3
40	5	0.00123859033	0.249781673	1.61205772e+11	1.75793673e+11	1.60820326e+11	6.26868313e+11	4.5107464e+11	0	0	0	0	0	0	3
41	5	0.00129957027	0.256026215	1.62732799e+11	1.75180815e+11	1.60820326e+11	6.26868313e+11	4.51687498e+11	0	0	0	0	0	0	3
42	5	0.00136055191	0.262270757	1.59989394e+11	1.74499917e+11	1.59989394e+11	6.26868313e+11	4.52368396e+11	0	0	0	0	0	0	3
43	5	0.00142154009	0.268515299	1.5469611e+11	1.73650276e+11	1.5469611e+11	6.26868313e+11	4.53218037e+11	0	0	0	0	0	0	3
44	5	0.00148253747	0.274759841	1.55650141e+11	1.7290968e+11	1.5469611e+11	6.26868313e+11	4.53958632e+11	0	0	0	0	0	0	3
45	5	0.00154354596	0.281004383	1.58317885e+11	1.72332941e+11	1.5469611e+11	6.26868313e+11	4.54535372e+11	0	0	0	0	0	0	3
46	5	0.00160456758	0.287248924	1.56892391e+11	1.71745738e+11	1.5469611e+11	6.26868313e+11	4.55122575e+11	0	0	0	0	0	0	3
47	5	0.00166560401	0.293493466	1.54057636e+11	1.71097553e+11	1.54057636e+11	6.26868313e+11	4.55770759e+11	0	0	0	0	0	0	3
48	5	0.00172665603	0.299738008	1.53593071e+11	1.70478621e+11	1.53593071e+11	6.26868313e+11	4.56389692e+11	0	0	0	0	0	0	3
49	5	0.00178772435	0.30598255	1.54200412e+11	1.6992256e+11	1.53593071e+11	6.26868313e+11	4.56945753e+11	0	0	0	0	0	0	3
50	5	0.00184881149	0.312227092	1.55598662e+11	1.6944928e+11	1.53593071e+11	6.26868313e+11	4.57419033e+11	0	0	0	0	0	0	3
51	6	0.00190991931	0.318471634	1.54797561e+11	1.68980499e+11	1.53593071e+11	6.26868313e+11	4.57887814e+11	0	0	0	0	0	0	3
52	6	0.00197104866	0.324716175	1.52202859e+11	1.68460163e+11	1.52202859e+11	6.26868313e+11	4.5840815e+11	0	0	0	0	0	0	3
53	6	0.00203220002	0.330960717	1.49351276e+11	1.67885154e+11	1.49351276e+11	6.26868313e+11	4.58983159e+11	0	0	0	0	0	0	3
54	6	0.00209337324	0.337205259	1.54406808e+11	1.67491285e+11	1.49351276e+11	6.26868313e+11	4.59377028e+11	0	0	0	0	0	0	3
55	6	0.00215456887	0.343449801	1.54156398e+11	1.67112538e+11	1.49351276e+11	6.26868313e+11	4.59755775e+11	0	0	0	0	0	0	3
56	6	0.00221578673	0.349694343	1.51154199e+11	1.6667164e+11	1.49351276e+11	6.26868313e+11	4.60196672e+11	0	0	0	0	0	0	3
57	6	0.00227702662	0.355938885	1.50372011e+11	1.66233267e+11	1.49351276e+11	6.26868313e+11	4.60635046e+11	0	0	0	0	0	0	3
58	6	0.00233828847	0.362183426	1.52482327e+11	1.65873e+11	1.49351276e+11	6.26868313e+11	4.60995313e+11	0	0	0	0	0	0	3
59	6	0.0023995722	0.368427968	1.52202724e+11	1.65523869e+11	1.49351276e+11	6.26868313e+11	4.61344444e+11	0	0	0	0	0	0	3
60	6	0.00246087776	0.37467251	1.48940301e+11	1.65110738e+11	1.48940301e+11	6.26868313e+11	4.61757575e+11	0	0	0	0	0	0	3
61	7	0.002522205	0.380917052	1.48423572e+11	1.64704991e+11	1.48423572e+11	6.26868313e+11	4.62163322e+11	0	0	0	0	0	0	3
62	7	0.00258355353	0.387161594	1.49167139e+11	1.64336032e+11	1.48423572e+11	6.26868313e+11	4.62532281e+11	0	0	0	0	0	0	3
63	7	0.00264492266	0.393406136	1.50298146e+11	1.64010316e+11	1.48423572e+11	6.26868313e+11	4.62857996e+11	0	0	0	0	0	0	3
64	7	0.00270631222	0.399650678	1.49924379e+11	1.63690793e+11	1.48423572e+11	6.26868313e+11	4.6317752e+11	0	0	0	0	0	0	3
65	7	0.00276772179	0.405895219	1.48475402e+11	1.63353197e+11	1.48423572e+11	6.26868313e+11	4.63515115e+11	0	0	0	0	0	0	3
66	7	0.00282915067	0.412139761	1.47313721e+11	1.63004935e+11	1.47313721e+11	6.26868313e+11	4.63863378e+11	0	0	0	0	0	0	3
67	7	0.00289059824	0.418384303	1.48583829e+11	1.62698375e+11	1.47313721e+11	6.26868313e+11	4.64169938e+11	0	0	0	0	0	0	3
68	7	0.00295206397	0.424628845	1.51161885e+11	1.62458171e+11	1.47313721e+11	6.26868313e+11	4.64410142e+11	0	0	0	0	0	0	3
69	7	0.00301354763	0.430873387	1.50232059e+11	1.62208728e+11	1.47313721e+11	6.26868313e+11	4.64659584e+11	0	0	0	0	0	0	3
70	7	0.00307510149	0.437117929	1.49409224e+11	1.61952522e+11	1.47313721e+11	6.26868313e+11	4.6491579e+11	0	0	0	0	0	0	3
71	8	0.00313690541	0.44336247	1.47638371e+11	1.61670502e+11	1.47313721e+11	6.26868313e+11	4.6519781e+11	0	0	0	0	0	0	3
72	8	0.00319879666	0.449607012	1.51585367e+11	1.61475372e+11	1.47313721e+11	6.26868313e+11	4.65392941e+11	0	0	0	0	0	0	3
73	8	0.00326076524	0.455851554	1.45423755e+11	1.61170322e+11	1.45423755e+11	6.26868313e+11	4.6569799e+11	0	0	0	0	0	0	3
74	8	0.00332267351	0.462096096	1.45278523e+11	1.60874225e+11	1.45278523e+11	6.26868313e+11	4.65994087e+11	0	0	0	0	0	0	3
75	8	0.00338459537	0.468340638	1.45551922e+11	1.60593901e+11	1.45278523e+11	6.26868313e+11	4.66274412e+11	0	0	0	0	0	0	3
76	8	0.00344645545	0.47458518	1.49730359e+11	1.60398912e+11	1.45278523e+11	6.26868313e+11	4.66469401e+11	0	0	0	0	0	0	3
77	8	0.00350835914	0.480829721	1.50026106e+11	1.60215888e+11	1.45278523e+11	6.26868313e+11	4.66652425e+11	0	0	0	0	0	0	3
78	8	0.00357023192	0.487074263	1.49391274e+11	1.60028295e+11	1.45278523e+11	6.26868313e+11	4.66840018e+11	0	0	0	0	0	0	3
79	8	0.00363216609	0.493318805	1.47487412e+11	1.59814453e+11	1.45278523e+11	6.26868313e+11	4.67053859e+11	0	0	0	0	0	0	3
80	8	0.00369407678	0.499563347	1.49525588e+11	1.59642018e+11	1.45278523e+11	6.26868313e+11	4.67226295e+11	0	0	0	0	0	0	3
81	9	0.00375604815	0.505807889	1.49511608e+11	1.59474875e+11	1.45278523e+11	6.26868313e+11	4.67393438e+11	0	0	0	0	0	0	3
82	9	0.00381799341	0.512052431	1.44917271e+11	1.58440574e+11	1.44917271e+11	2.34364287e+11	8.94470163e+10	0	0	0	0	0	0	3
83	9	0.00387999588	0.518296972	1.44819621e+11	1.58141893e+11	1.44819621e+11	2.02515807e+11	5.76961853e+10	0	0	0	0	0	0	3
84	9	0.00394196818	0.524541514	1.47536208e+11	1.57927537e+11	1.44819621e+11	1.85717908e+11	4.08982863e+10	0	0	0	0	0	0	3
85	9	0.00400399661	0.530786056	1.47268614e+11	1.5773226e+11	1.44819621e+11	1.84375413e+11	3.95557914e+10	0	0	0	0	0	0	3
86	9	0.00406599527	0.537030598	1.48148515e+11	1.57556649e+11	1.44819621e+11	1.82511794e+11	3.76921724e+10	0	0	0	0	0	0	3
87	9	0.00412804942	0.54327514	1.49095674e+11	1.5739757e+11	1.44819621e+11	1.82511794e+11	3.76921724e+10	0	0	0	0	0	0	3
88	9	0.00419007322	0.549519682	1.49711913e+11	1.57252432e+11	1.44819621e+11	1.82511794e+11	3.76921724e+10	0	0	0	0	0	0	3
89	9	0.00425215387	0.555764223	1.46827377e+11	1.57074375e+11	1.44819621e+11	1.82511794e+11	3.76921724e+10	0	0	0	0	0	0	3
90	9	0.00431420377	0.562008765	1.47059532e+11	1.56904998e+11	1.44819621e+11	1.82511794e+11	3.76921724e+10	0	0	0	0	0	0	3
91	9	0.00437630984	0.568253307	1.43310591e+11	1.56686231e+11	1.43310591e+11	1.82511794e+11	3.92012023e+10	0	0	0	0	0	0	3
92	10	0.00443838457	0.574497849	1.47680362e+11	1.56515783e+11	1.43310591e+11	1.82511794e+11	3.92012023e+10	0	0	0	0	0	0	3
93	10	0.00450051583	0.580742391	1.47784686e+11	1.5634793e+11	1.43310591e+11	1.82511794e+11	3.92012023e+10	0	0	0	0	0	0	3
94	10	0.00456261675	0.586986933	1.46631619e+11	1.56162752e+11	1.43310591e+11	1.82511794e+11	3.92012023e+10	0	0	0	0	0	0	3
95	10	0.00462477484	0.593231474	1.45071769e+11	1.55958027e+11	1.43310591e+11	1.82511794e+11	3.92012023e+10	0	0	0	0	0	0	3
96	10	0.00468690215	0.599476016	1.48264187e+11	1.55793272e+11	1.43310591e+11	1.82511794e+11	3.92012023e+10	0	0	0	0	0	0	3
97	10	0.00474908646	0.605720558	1.47578737e+11	1.55587572e+11	1.43310591e+11	1.82511794e+11	3.74555913e+10	0	0	0	0	0	0	3
98	10	0.00481123933	0.6119651	1.48626184e+11	1.55397119e+11	1.43310591e+11	1.82511794e+11	3.61961035e+10	0	0	0	0	0	0	3
99	10	0.00487344951	0.618209642	1.43913556e+11	1.55137394e+11	1.43310591e+11	1.82511794e+11	3.53859742e+10	0	0	0	0	0	0	3
100	10	0.00493562821	0.624454184	1.45496881e+11	1.54898428e+11	1.43310591e+11	1.82511794e+11	3.48183122e+10	0	0	0	0	0	0	3
101	11	0.00499786447	0.630698725	1.44165401e+11	1.54642262e+11	1.43310591e+11	1.82511794e+11	3.40942159e+10	0	0	0	0	0	0	3
102	11	0.00506006881	0.636943267	1.45477878e+11	1.54349087e+11	1.43310591e+11	1.82511794e+11	3.36427255e+10	0	0	0	0	0	0	3
103	11	0.00512233063	0.643187809	1.47977859e+11	1.54089728e+11	1.43310591e+11	1.82511794e+11	3.33817498e+10	0	0	0	0	0	0	3
104	11	0.00518455998	0.649432351	1.47847705e+11	1.53826222e+11	1.43310591e+11	1.81716065e+11	3.31459728e+10	0	0	0	0	0	0	3
105	11	0.00524684646	0.655676893	1.45506933e+11	1.53541166e+11	1.43310591e+11	1.80282368e+11	3.28970257e+10	0	0	0	0	0	0	3
106	11	0.00530909936	0.661921435	1.48300101e+11	1.53304268e+11	1.43310591e+11	1.79882218e+11	3.24331725e+10	0	0	0	0	0	0	3
107	11	0.00537140935	0.668165976	1.43339983e+11	1.52925038e+11	1.43310591e+11	1.79687909e+11	3.22098265e+10	0	0	0	0	0	0	3
108	11	0.00543368529	0.674410518	1.45566098e+11	1.52580258e+11	1.43310591e+11	1.79687909e+11	3.20760624e+10	0	0	0	0	0	0	3
109	11	0.00549601758	0.68065506	1.46155525e+11	1.52243467e+11	1.43310591e+11	1.77925155e+11	3.18700357e+10	0	0	0	0	0	0	3
110	11	0.00555831439	0.686899602	1.47946832e+11	1.51948216e+11	1.43310591e+11	1.75697857e+11	3.15014333e+10	0	0	0	0	0	0	3
111	11	0.00562066729	0.693144144	1.46388791e+11	1.51661148e+11	1.43310591e+11	1.75697857e+11	3.10506796e+10	0	0	0	0	0	0	3
112	12	0.00568298433	0.699388686	1.47233559e+11	1.51316525e+11	1.43310591e+11	1.75697857e+11	3.08215574e+10	0	0	0	0	0	0	3
113	12	0.00574535689	0.705633227	1.4784911e+11	1.50973819e+11	1.43310591e+11	1.72422353e+11	2.91117615e+10	0	0	0	0	0	0	3
114	12	0.00580769266	0.711877769	1.4894696e+11	1.50685592e+11	1.43310591e+11	1.6923792e+11	2.59273286e+10	0	0	0	0	0	0	3
115	12	0.00587008375	0.718122311	1.42936159e+11	1.50361755e+11	1.42936159e+11	1.68200296e+11	2.52641371e+10	0	0	0	0	0	0	3
116	12	0.00593243802	0.724366853	1.46403887e+11	1.50119943e+11	1.42936159e+11	1.68200296e+11	2.52641371e+10	0	0	0	0	0	0	3
117	12	0.00599484798	0.730611395	1.46319258e+11	1.49851683e+11	1.42936159e+11	1.67589677e+11	2.46535175e+10	0	0	0	0	0	0	3
118	12	0.00605722051	0.736855937	1.46865887e+11	1.49597983e+11	1.42936159e+11	1.62834307e+11	1.98981475e+10	0	0	0	0	0	0	3
119	12	0.00611964841	0.743100479	1.47829366e+11	1.49414493e+11	1.42936159e+11	1.62732799e+11	1.97966399e+10	0	0	0	0	0	0	3
120	12	0.00618203929	0.74934502	1.49710255e+11	1.49279162e+11	1.42936159e+11	1.62732799e+11	1.97966399e+10	0	0	0	0	0	0	3
121	12	0.00624448582	0.755589562	1.48370251e+11	1.49122527e+11	1.42936159e+11	1.62732799e+11	1.97966399e+10	0	0	0	0	0	0	3
122	12	0.0063068947	0.761834104	1.48645169e+11	1.48950829e+11	1.42936159e+11	1.59989394e+11	1.70532342e+10	0	0	0	0	0	0	3
123	13	0.00636935873	0.768078646	1.49445444e+11	1.48822604e+11	1.42936159e+11	1.58317885e+11	1.53817258e+10	0	0	0	0	0	0	3
124	13	0.00643178579	0.774323188	1.45287523e+11	1.48707061e+11	1.42936159e+11	1.58317885e+11	1.53817258e+10	0	0	0	0	0	0	3
125	13	0.00649426862	0.78056773	1.44978992e+11	1.48576079e+11	1.42936159e+11	1.58317885e+11	1.53817258e+10	0	0	0	0	0	0	3
126	13	0.00655671273	0.786812271	1.47692677e+11	1.48446521e+11	1.42936159e+11	1.56892391e+11	1.39562315e+10	0	0	0	0	0	0	3
127	13	0.00661921185	0.793056813	1.48075544e+11	1.48339122e+11	1.42936159e+11	1.55598662e+11	1.26625031e+10	0	0	0	0	0	0	3
128	13	0.00668167183	0.799301355	1.48883595e+11	1.48276318e+11	1.42936159e+11	1.55598662e+11	1.26625031e+10	0	0	0	0	0	0	3
129	13	0.00674418627	0.805545897	1.48956889e+11	1.48220104e+11	1.42936159e+11	1.55598662e+11	1.26625031e+10	0	0	0	0	0	0	3
130	13	0.00680666026	0.811790439	1.49406376e+11	1.48162105e+11	1.42936159e+11	1.55598662e+11	1.26625031e+10	0	0	0	0	0	0	3
131	13	0.00686918941	0.818034981	1.48512231e+11	1.48075979e+11	1.42936159e+11	1.54797561e+11	1.18614013e+10	0	0	0	0	0	0	3
132	13	0.00693167871	0.824279522	1.50451789e+11	1.4802375e+11	1.42936159e+11	1.54406808e+11	1.1470649e+10	0	0	0	0	0	0	3
133	13	0.00699422418	0.830524064	1.44560151e+11	1.47929766e+11	1.42936159e+11	1.54406808e+11	1.1470649e+10	0	0	0	0	0	0	3
134	14	0.00705673046	0.836768606	1.45996006e+11	1.47888409e+11	1.42936159e+11	1.54406808e+11	1.1470649e+10	0	0	0	0	0	0	3
135	14	0.00711929399	0.843013148	1.46575198e+11	1.47792723e+11	1.42936159e+11	1.54156398e+11	1.12202388e+10	0	0	0	0	0	0	3
136	14	0.00718181849	0.84925769	1.47205154e+11	1.47707952e+11	1.42936159e+11	1.52482327e+11	9.54616749e+09	0	0	0	0	0	0	3
137	14	0.00724439956	0.855502232	1.46658562e+11	1.47652938e+11	1.42936159e+11	1.52482327e+11	9.54616749e+09	0	0	0	0	0	0	3
138	14	0.00730694057	0.861746773	1.5023942e+11	1.47651992e+11	1.42936159e+11	1.52482327e+11	9.54616749e+09	0	0	0	0	0	0	3
139	14	0.00736953724	0.867991315	1.48154439e+11	1.47599428e+11	1.42936159e+11	1.52202724e+11	9.26656415e+09	0	0	0	0	0	0	3
140	14	0.00743209246	0.874235857	1.47203964e+11	1.47538456e+11	1.42936159e+11	1.51585367e+11	8.64920805e+09	0	0	0	0	0	0	3
141	14	0.00749470212	0.880480399	1.47209251e+11	1.47517288e+11	1.42936159e+11	1.51585367e+11	8.64920805e+09	0	0	0	0	0	0	3
142	14	0.00755726871	0.886724941	1.44615715e+11	1.47470194e+11	1.42936159e+11	1.51585367e+11	8.64920805e+09	0	0	0	0	0	0	3
143	14	0.00761988883	0.892969483	1.46795852e+11	1.47441139e+11	1.42936159e+11	1.51585367e+11	8.64920805e+09	0	0	0	0	0	0	3
144	14	0.00768246564	0.899214024	1.48820923e+11	1.47423474e+11	1.42936159e+11	1.51585367e+11	8.64920805e+09	0	0	0	0	0	0	3
145	15	0.00774509658	0.905458566	1.46743563e+11	1.47384553e+11	1.42936159e+11	1.51585367e+11	8.64920805e+09	0	0	0	0	0	0	3
146	15	0.00780768476	0.911703108	1.47727134e+11	1.47375516e+11	1.42936159e+11	1.51585367e+11	8.64920805e+09	0	0	0	0	0	0	3
147	15	0.00787032788	0.91794765	1.47929809e+11	1.47383157e+11	1.42936159e+11	1.51585367e+11	8.64920805e+09	0	0	0	0	0	0	3
148	15	0.00793292914	0.924192192	1.49918061e+11	1.47399996e+11	1.42936159e+11	1.51585367e+11	8.64920805e+09	0	0	0	0	0	0	3
149	15	0.00799558576	0.930436734	1.48662243e+11	1.47369831e+11	1.42936159e+11	1.51585367e+11	8.64920805e+09	0	0	0	0	0	0	3
150	15	0.00805820019	0.936681275	1.49487736e+11	1.47361234e+11	1.42936159e+11	1.51585367e+11	8.64920805e+09	0	0	0	0	0	0	3
151	15	0.00812086966	0.942925817	1.43910674e+11	1.47293394e+11	1.42936159e+11	1.51585367e+11	8.64920805e+09	0	0	0	0	0	0	3
152	15	0.00818349619	0.949170359	1.45509914e+11	1.47267036e+11	1.42936159e+11	1.51585367e+11	8.64920805e+09	0	0	0	0	0	0	3
153	15	0.0082461765	0.955414901	1.46692487e+11	1.4720695e+11	1.42936159e+11	1.50451789e+11	7.51562918e+09	0	0	0	0	0	0	3
154	15	0.0083088126	0.961659443	1.48341486e+11	1.47242917e+11	1.42936159e+11	1.50451789e+11	7.51562918e+09	0	0	0	0	0	0	3
155	15	0.00837150158	0.967903985	1.47666642e+11	1.47272266e+11	1.42936159e+11	1.50451789e+11	7.51562918e+09	0	0	0	0	0	0	3
156	16	0.00843414583	0.974148526	1.49031373e+11	1.47315185e+11	1.42936159e+11	1.50451789e+11	7.51562918e+09	0	0	0	0	0	0	3
157	16	0.00849684309	0.980393068	1.47531175e+11	1.47288284e+11	1.42936159e+11	1.50451789e+11	7.51562918e+09	0	0	0	0	0	0	3
158	16	0.00855949569	0.98663761	1.48801641e+11	1.47273502e+11	1.42936159e+11	1.50451789e+11	7.51562918e+09	0	0	0	0	0	0	3
159	16	0.00862220149	0.992882152	1.44183692e+11	1.47209214e+11	1.42936159e+11	1.50451789e+11	7.51562918e+09	0	0	0	0	0	0	3
160	16	0.00868486288	0.999126694	1.47138458e+11	1.47204927e+11	1.42936159e+11	1.50451789e+11	7.51562918e+09	0	0	0	0	0	0	3
161	16	0.00874757768	1.00537124	1.4648809e+11	1.471676e+11	1.42936159e+11	1.50451789e+11	7.51562918e+09	1.78738942e+09	0	23.7	0	0	0	3
162	16	0.00881024765	1.01161578	1.48154437e+11	1.47151096e+11	1.42936159e+11	1.50451789e+11	7.51562918e+09	1.78738942e+09	0	23.7	0	0	0	3
163	16	0.00887297064	1.01786032	1.46894593e+11	1.47175287e+11	1.42936159e+11	1.50451789e+11	7.51562918e+09	1.78738942e+09	0	23.7	0	0	0	3
164	16	0.00893564807	1.02410486	1.49352773e+11	1.47231172e+11	1.42936159e+11	1.50451789e+11	7.51562918e+09	1.78738942e+09	0	23.7	0	0	0	3
165	16	0.00899837771	1.0303494	1.49703071e+11	1.472581e+11	1.42936159e+11	1.50451789e+11	7.51562918e+09	1.78738942e+09	0	23.7	0	0	0	3
166	17	0.00906106153	1.03659394	1.50188144e+11	1.4729429e+11	1.42936159e+11	1.50451789e+11	7.51562918e+09	1.78738942e+09	0	23.7	0	0	0	3
167	17	0.00912379746	1.04283849	1.48469803e+11	1.47298399e+11	1.42936159e+11	1.50451789e+11	7.51562918e+09	1.78738942e+09	0	23.7	0	0	0	3
168	17	0.00918648765	1.04908303	1.45395535e+11	1.47252769e+11	1.42936159e+11	1.50451789e+11	7.51562918e+09	1.78738942e+09	0	23.7	0	0	0	3
169	17	0.00924922983	1.05532757	1.45398885e+11	1.47199629e+11	1.42936159e+11	1.50451789e+11	7.51562918e+09	1.78738942e+09	0	23.7	0	0	0	3
170	17	0.00931192609	1.06157211	1.47692564e+11	1.47210304e+11	1.42936159e+11	1.50451789e+11	7.51562918e+09	1.78738942e+09	0	23.7	0	0	0	3
171	17	0.00937467451	1.06781665	1.48308181e+11	1.47225767e+11	1.42936159e+11	1.50451789e+11	7.51562918e+09	1.78738942e+09	0	23.7	0	0	0	3
172	17	0.00943737706	1.0740612	1.49113653e+11	1.472972e+11	1.42936159e+11	1.50451789e+11	7.51562918e+09	1.78738942e+09	0	23.7	0	0	0	3
173	17	0.00950013175	1.08030574	1.48689192e+11	1.47309759e+11	1.42936159e+11	1.50451789e+11	7.51562918e+09	1.78738942e+09	0	23.7	0	0	0	3
174	17	0.00956283965	1.08655028	1.48851664e+11	1.4732303e+11	1.42936159e+11	1.50451789e+11	7.51562918e+09	1.78738942e+09	0	23.7	0	0	0	3
175	17	0.00962559771	1.09279482	1.49442449e+11	1.47357782e+11	1.42936159e+11	1.50451789e+11	7.51562918e+09	1.78738942e+09	0	23.7	0	0	0	3
176	17	0.00968831079	1.09903936	1.50907355e+11	1.47429806e+11	1.42936159e+11	1.50907355e+11	7.97119525e+09	1.78738942e+09	0	22.4	0	0	0	3
177	18	0.00975107581	1.10528391	1.44191627e+11	1.47379436e+11	1.42936159e+11	1.50907355e+11	7.97119525e+09	1.78738942e+09	0	22.4	0	0	0	3
178	18	0.0098137941	1.11152845	1.46793896e+11	1.47369738e+11	1.42936159e+11	1.50907355e+11	7.97119525e+09	1.78738942e+09	0	22.4	0	0	0	3
179	18	0.00987656424	1.11777299	1.47671521e+11	1.47358061e+11	1.42936159e+11	1.50907355e+11	7.97119525e+09	1.78738942e+09	0	22.4	0	0	0	3
180	18	0.00993928817	1.12401753	1.49444772e+11	1.47426198e+11	1.42936159e+11	1.50907355e+11	7.74733219e+09	1.78738942e+09	0	23	0	0	0	3
181	18	0.0100020639	1.13026207	1.47873898e+11	1.47455423e+11	1.42936159e+11	1.50907355e+11	7.49116686e+09	1.78738942e+09	0	23.8	0	0	0	3
182	18	0.0100647929	1.13650661	1.49370099e+11	1.47519538e+11	1.42936159e+11	1.50907355e+11	7.19799133e+09	1.78738942e+09	0	24.8	0	0	0	3
183	18	0.0101275736	1.14275116	1.49207407e+11	1.4756551e+11	1.42936159e+11	1.50907355e+11	6.93863281e+09	1.78738942e+09	0	25.7	0	0	0	3
184	18	0.0101903075	1.1489957	1.50105479e+11	1.47591885e+11	1.42936159e+11	1.50907355e+11	6.67512612e+09	1.78738942e+09	0	26.7	0	0	0	3
185	18	0.0102530927	1.15524024	1.49589956e+11	1.47613495e+11	1.42936159e+11	1.50907355e+11	6.39007057e+09	1.78738942e+09	0	27.9	0	0	0	3
186	18	0.0103158313	1.16148478	1.50964386e+11	1.47680854e+11	1.42936159e+11	1.50964386e+11	6.15317213e+09	1.78738942e+09	0	29	0	0	0	3
187	18	0.0103786214	1.16772932	1.44433865e+11	1.47633033e+11	1.42936159e+11	1.50964386e+11	5.77394215e+09	1.78738942e+09	0	30.9	0	0	0	3
188	19	0.0104413651	1.17397387	1.47292363e+11	1.47681579e+11	1.42936159e+11	1.50964386e+11	5.42916257e+09	1.78738942e+09	0	32.9	0	0	0	3
189	19	0.0105041607	1.18021841	1.47918542e+11	1.47710496e+11	1.42936159e+11	1.50964386e+11	5.09237177e+09	1.78738942e+09	0	35	0	0	0	3
190	19	0.0105669103	1.18646295	1.48522747e+11	1.47739661e+11	1.42936159e+11	1.50964386e+11	4.7971199e+09	1.78738942e+09	0	37.2	0	0	0	3
191	19	0.0106297102	1.19270749	1.4898038e+11	1.4775248e+11	1.42936159e+11	1.50964386e+11	4.51005218e+09	1.78738942e+09	0	39.6	0	0	0	3
192	19	0.0106924648	1.19895203	1.50142821e+11	1.47798822e+11	1.42936159e+11	1.50964386e+11	4.16542961e+09	1.78738942e+09	0	42.9	0	0	0	3
193	19	0.0107552694	1.20519657	1.48454271e+11	1.47813882e+11	1.42936159e+11	1.50964386e+11	3.82272303e+09	1.78738942e+09	0	46.7	0	0	0	3
194	19	0.0108180266	1.21144112	1.48974129e+11	1.47827803e+11	1.42936159e+11	1.50964386e+11	3.53449631e+09	1.78738942e+09	0	50.5	0	0	0	3
195	19	0.0108808354	1.21768566	1.49295866e+11	1.47832227e+11	1.42936159e+11	1.50964386e+11	3.21065953e+09	1.78738942e+09	0	55.6	0	0	0	3
196	19	0.0109435985	1.2239302	1.50326891e+11	1.47923297e+11	1.43910674e+11	1.50964386e+11	2.96884735e+09	1.78738942e+09	0	60.2	0	0	0	3
197	19	0.0110064116	1.23017474	1.44551397e+11	1.47900227e+11	1.43910674e+11	1.50964386e+11	2.70058775e+09	1.78738942e+09	0	66.1	0	0	0	3
198	19	0.0110691783	1.23641928	1.47595737e+11	1.47915905e+11	1.43910674e+11	1.50964386e+11	2.44688752e+09	1.78738942e+09	0	73	0	0	0	3
199	20	0.0111319956	1.24266383	1.48227274e+11	1.47932665e+11	1.43910674e+11	1.50964386e+11	2.26339785e+09	1.78738942e+09	0	78.9	0	0	0	3
200	20	0.0111947672	1.24890837	1.48620404e+11	1.47942442e+11	1.43910674e+11	1.50964386e+11	2.1280664e+09	1.78738942e+09	0	83.9	0	0	0	3
201	20	0.0112575902	1.25515291	1.48495152e+11	1.47927552e+11	1.43910674e+11	1.50964386e+11	1.97143119e+09	1.78738942e+09	0	90.6	0	0	0	3
202	20	0.0113203673	1.26139745	1.50093133e+11	1.47948889e+11	1.43910674e+11	1.50964386e+11	1.7997337e+09	1.78738942e+09	0	99.3	0	0	0	3
203	20	0.0113831938	1.26764199	1.48595442e+11	1.47948331e+11	1.43910674e+11	1.50964386e+11	1.67150874e+09	1.78738942e+09	0	100	0	0	0	3
204	20	0.0114459738	1.27388653	1.5041066e+11	1.4796036e+11	1.43910674e+11	1.50964386e+11	1.55596567e+09	1.78738942e+09	0	100	0	0	0	3
205	20	0.0115088054	1.28013108	1.49328583e+11	1.48010158e+11	1.43910674e+11	1.50964386e+11	1.42498299e+09	1.78738942e+09	0	100	0	0	0	3
206	20	0.0115715908	1.28637562	1.50237758e+11	1.48075007e+11	1.43910674e+11	1.50964386e+11	1.29542493e+09	1.78738942e+09	0	100	0	0	0	3
207	20	0.0116344268	1.29262016	1.45296878e+11	1.4804533e+11	1.43910674e+11	1.50964386e+11	1.18802619e+09	1.78738942e+09	0	100	0	0	0	3
208	20	0.0116972164	1.2988647	1.47309942e+11	1.48035865e+11	1.43910674e+11	1.50964386e+11	1.12522204e+09	1.78738942e+09	0	100	0	0	0	3
209	21	0.0117600561	1.30510924	1.47421554e+11	1.48017837e+11	1.43910674e+11	1.50964386e+11	1.06900851e+09	1.78738942e+09	0	100	0	0	0	3
210	21	0.0118228501	1.31135379	1.49110431e+11	1.48019787e+11	1.43910674e+11	1.50964386e+11	1.01100893e+09	1.78738942e+09	0	100	0	0	0	3
211	21	0.0118856945	1.31759833	1.49303303e+11	1.48018613e+11	1.43910674e+11	1.50964386e+11	924882945	1.78738942e+09	0	100	0	0	0	3
212	21	0.0119484943	1.32384287	1.49074823e+11	1.48025595e+11	1.43910674e+11	1.50964386e+11	923911256	1.78738942e+09	0	100	0	0	0	3
213	21	0.012011344	1.33008741	1.48577595e+11	1.48002578e+11	1.43910674e+11	1.50964386e+11	923911256	1.78738942e+09	0	100	0	0	0	3
214	21	0.0120741472	1.33633195	1.50602015e+11	1.48077099e+11	1.43910674e+11	1.50964386e+11	926003450	1.78738942e+09	0	100	0	0	0	3
215	21	0.012137001	1.34257649	1.49810096e+11	1.48124145e+11	1.43910674e+11	1.50964386e+11	973049524	1.78738942e+09	0	100	0	0	0	3
216	21	0.0121998089	1.34882104	1.50279488e+11	1.48169865e+11	1.43910674e+11	1.50964386e+11	1.01876931e+09	1.78738942e+09	0	100	0	0	0	3
217	21	0.0122626675	1.35506558	1.4560137e+11	1.4814996e+11	1.43910674e+11	1.50964386e+11	1.01876931e+09	1.78738942e+09	0	100	0	0	0	3
218	21	0.0123254804	1.36131012	1.47082694e+11	1.48155135e+11	1.43910674e+11	1.50964386e+11	1.01876931e+09	1.78738942e+09	0	100	0	0	0	3
219	21	0.012388344	1.36755466	1.47757876e+11	1.48124567e+11	1.43910674e+11	1.50964386e+11	1.01876931e+09	1.78738942e+09	0	100	0	0	0	3
220	22	0.0124511615	1.3737992	1.49231754e+11	1.48137886e+11	1.43910674e+11	1.50964386e+11	1.01876931e+09	1.78738942e+09	0	100	0	0	0	3
221	22	0.0125140298	1.38004375	1.49338546e+11	1.48164235e+11	1.43910674e+11	1.50964386e+11	1.01876931e+09	1.78738942e+09	0	100	0	0	0	3
222	22	0.0125768518	1.38628829	1.49425909e+11	1.48191596e+11	1.43910674e+11	1.50964386e+11	1.04050074e+09	1.78738942e+09	0	100	0	0	0	3
223	22	0.0126397234	1.39253283	1.4919554e+11	1.48248036e+11	1.43910674e+11	1.50964386e+11	1.09694006e+09	1.78738942e+09	0	100	0	0	0	3
224	22	0.0127025492	1.39877737	1.49408525e+11	1.48280272e+11	1.43910674e+11	1.50964386e+11	1.12917604e+09	1.78738942e+09	0	100	0	0	0	3
225	22	0.012765426	1.40502191	1.48413392e+11	1.48275262e+11	1.43910674e+11	1.50964386e+11	1.12917604e+09	1.78738942e+09	0	100	0	0	0	3
226	22	0.0128282566	1.41126645	1.50785875e+11	1.48325167e+11	1.43910674e+11	1.50964386e+11	1.17407177e+09	1.78738942e+09	0	100	0	0	0	3
227	22	0.0128911375	1.417511	1.42825637e+11	1.48264503e+11	1.42825637e+11	1.50964386e+11	1.17407177e+09	1.78738942e+09	0	100	0	0	0	3
228	22	0.0129539716	1.42375554	1.45558436e+11	1.4823518e+11	1.42825637e+11	1.50964386e+11	1.17407177e+09	1.78738942e+09	0	100	0	0	0	3
229	22	0.0130168551	1.43000008	1.47320075e+11	1.48203139e+11	1.42825637e+11	1.50964386e+11	1.17407177e+09	1.78738942e+09	0	100	0	0	0	3
230	22	0.0130796931	1.43624462	1.48289549e+11	1.48198549e+11	1.42825637e+11	1.50964386e+11	1.17407177e+09	1.78738942e+09	0	100	0	0	0	3
231	22	0.0131425805	1.44248916	1.49274255e+11	1.48195977e+11	1.42825637e+11	1.50964386e+11	1.17407177e+09	1.78738942e+09	0	100	0	0	0	3
232	23	0.0132054217	1.44873371	1.50638422e+11	1.48278983e+11	1.42825637e+11	1.50964386e+11	1.17407177e+09	1.78738942e+09	0	100	0	0	0	3
233	23	0.0132683128	1.45497825	1.48503453e+11	1.48315864e+11	1.42825637e+11	1.50964386e+11	1.17407177e+09	1.78738942e+09	0	100	0	0	0	3
234	23	0.0133311574	1.46122279	1.47837532e+11	1.48329963e+11	1.42825637e+11	1.50964386e+11	1.17886719e+09	1.78738942e+09	0	100	0	0	0	3
235	23	0.0133940514	1.46746733	1.47796934e+11	1.48323228e+11	1.42825637e+11	1.50964386e+11	1.17886719e+09	1.78738942e+09	0	100	0	0	0	3
236	23	0.0134568986	1.47371187	1.49935994e+11	1.48351253e+11	1.42825637e+11	1.50964386e+11	1.20015785e+09	1.78738942e+09	0	100	0	0	0	3
237	23	0.0135197936	1.47995642	1.43232147e+11	1.48279567e+11	1.42825637e+11	1.50964386e+11	1.20015785e+09	1.78738942e+09	0	100	0	0	0	3
238	23	0.0135826415	1.48620096	1.45805978e+11	1.48258226e+11	1.42825637e+11	1.50964386e+11	1.20015785e+09	1.78738942e+09	0	100	0	0	0	3
239	23	0.0136455394	1.4924455	1.46679916e+11	1.48232013e+11	1.42825637e+11	1.50964386e+11	1.20015785e+09	1.78738942e+09	0	100	0	0	0	3
240	23	0.013708391	1.49869004	1.47909946e+11	1.48277943e+11	1.42825637e+11	1.50964386e+11	1.20015785e+09	1.78738942e+09	0	100	0	0	0	3
241	23	0.0137712912	1.50493458	1.47963831e+11	1.48288097e+11	1.42825637e+11	1.50964386e+11	1.20015785e+09	1.78738942e+09	0	100	0	0	0	3
242	23	0.0138341441	1.51117912	1.4909175e+11	1.4832022e+11	1.42825637e+11	1.50964386e+11	1.20015785e+09	1.78738942e+09	0	100	0	0	0	3
243	24	0.0138970463	1.51742367	1.486486e+11	1.48326323e+11	1.42825637e+11	1.50964386e+11	1.17596659e+09	1.78738942e+09	0	100	0	0	0	3
244	24	0.0139599019	1.52366821	1.48303973e+11	1.48343701e+11	1.42825637e+11	1.50964386e+11	1.15162438e+09	1.78738942e+09	0	100	0	0	0	3
245	24	0.0140228063	1.52991275	1.48926051e+11	1.48338469e+11	1.42825637e+11	1.50964386e+11	1.15162438e+09	1.78738942e+09	0	100	0	0	0	3
246	24	0.0140856631	1.53615729	1.4994674e+11	1.48341514e+11	1.42825637e+11	1.50964386e+11	1.15162438e+09	1.78738942e+09	0	100	0	0	0	3
247	24	0.0141485686	1.54240183	1.43464721e+11	1.48258462e+11	1.42825637e+11	1.50964386e+11	1.15162438e+09	1.78738942e+09	0	100	0	0	0	3
248	24	0.0142114275	1.54864638	1.46761627e+11	1.48237362e+11	1.42825637e+11	1.50964386e+11	1.15162438e+09	1.78738942e+09	0	100	0	0	0	3
249	24	0.0142743365	1.55489092	1.45837828e+11	1.48242708e+11	1.42825637e+11	1.50964386e+11	1.15162438e+09	1.78738942e+09	0	100	0	0	0	3
250	24	0.014337199	1.56113546	1.46306529e+11	1.48253855e+11	1.42825637e+11	1.50964386e+11	1.14094903e+09	1.78738942e+09	0	100	0	0	0	3
251	24	0.0144001102	1.56738	1.48874482e+11	1.48268445e+11	1.42825637e+11	1.50964386e+11	1.12548693e+09	1.78738942e+09	0	100	0	0	0	3
252	24	0.0144629739	1.57362454	1.48606318e+11	1.48272129e+11	1.42825637e+11	1.50964386e+11	1.05405311e+09	1.78738942e+09	0	100	0	0	0	3
253	24	0.0145258867	1.57986908	1.47029196e+11	1.48246392e+11	1.42825637e+11	1.50964386e+11	1.04149434e+09	1.78738942e+09	0	100	0	0	0	3
254	24	0.0145887518	1.58611363	1.48296576e+11	1.48241551e+11	1.42825637e+11	1.50964386e+11	1.0282234e+09	1.78738942e+09	0	100	0	0	0	3
255	25	0.0146516665	1.59235817	1.48569586e+11	1.48238089e+11	1.42825637e+11	1.50964386e+11	993471557	1.78738942e+09	0	100	0	0	0	3
256	25	0.0147145338	1.59860271	1.49664617e+11	1.48240859e+11	1.42825637e+11	1.50964386e+11	993192174	1.78738942e+09	0	100	0	0	0	3
257	25	0.0147774503	1.60484725	1.44631903e+11	1.48163383e+11	1.42825637e+11	1.50964386e+11	993192174	1.78738942e+09	0	100	0	0	0	3
258	25	0.0148403192	1.61109179	1.47111156e+11	1.48199368e+11	1.42825637e+11	1.50964386e+11	993192174	1.78738942e+09	0	100	0	0	0	3
259	25	0.0149032381	1.61733634	1.4640789e+11	1.4819454e+11	1.42825637e+11	1.50964386e+11	993192174	1.78738942e+09	0	100	0	0	0	3
260	25	0.0149661092	1.62358088	1.49141948e+11	1.48212694e+11	1.42825637e+11	1.50964386e+11	925055386	1.78738942e+09	0	100	0	0	0	3
261	25	0.0150290303	1.62982542	1.4909562e+11	1.48208426e+11	1.42825637e+11	1.50964386e+11	895830282	1.78738942e+09	0	100	0	0	0	3
262	25	0.015091904	1.63606996	1.48929803e+11	1.48221462e+11	1.42825637e+11	1.50964386e+11	831715608	1.78738942e+09	0	100	0	0	0	3
263	25	0.0151548275	1.6423145	1.4925071e+11	1.4822003e+11	1.42825637e+11	1.50964386e+11	785743158	1.78738942e+09	0	100	0	0	0	3
264	25	0.0152177033	1.64855904	1.49927654e+11	1.48228946e+11	1.42825637e+11	1.50964386e+11	759368003	1.78738942e+09	0	100	0	0	0	3
265	25	0.0152806289	1.65480359	1.4801962e+11	1.48203231e+11	1.42825637e+11	1.50964386e+11	737758272	1.78738942e+09	0	100	0	0	0	3
266	26	0.0153435066	1.66104813	1.48592882e+11	1.48190941e+11	1.42825637e+11	1.50964386e+11	718220309	1.78738942e+09	0	100	0	0	0	3
267	26	0.0154064346	1.66729267	1.43612875e+11	1.48100167e+11	1.42825637e+11	1.50785875e+11	718220309	1.78738942e+09	0	100	0	0	0	3
268	26	0.0154693152	1.67353721	1.46366329e+11	1.48123972e+11	1.42825637e+11	1.50785875e+11	669674513	1.78738942e+09	0	100	0	0	0	3
269	26	0.0155322451	1.67978175	1.47759163e+11	1.48129712e+11	1.42825637e+11	1.50785875e+11	640757348	1.78738942e+09	0	100	0	0	0	3
270	26	0.0155951268	1.6860263	1.49406569e+11	1.48148088e+11	1.42825637e+11	1.50785875e+11	611592201	1.78738942e+09	0	100	0	0	0	3
271	26	0.0156580578	1.69227084	1.47755759e+11	1.48138621e+11	1.42825637e+11	1.50785875e+11	598773060	1.78738942e+09	0	100	0	0	0	3
272	26	0.015720941	1.69851538	1.49559519e+11	1.48145788e+11	1.42825637e+11	1.50785875e+11	552431566	1.78738942e+09	0	100	0	0	0	3
273	26	0.0157838742	1.70475992	1.48536356e+11	1.48126001e+11	1.42825637e+11	1.50785875e+11	537371134	1.78738942e+09	0	100	0	0	0	3
274	26	0.0158467597	1.71100446	1.49667372e+11	1.48140989e+11	1.42825637e+11	1.50785875e+11	523450151	1.78738942e+09	0	100	0	0	0	3
275	26	0.0159096945	1.717249	1.4982072e+11	1.48151482e+11	1.42825637e+11	1.50785875e+11	519026116	1.78738942e+09	0	100	0	0	0	3
276	26	0.0159725817	1.72349355	1.50638999e+11	1.48168089e+11	1.42825637e+11	1.50785875e+11	451026649	1.78738942e+09	0	100	0	0	0	3
277	27	0.0160355185	1.72973809	1.4424283e+11	1.48092963e+11	1.42825637e+11	1.50785875e+11	451026649	1.78738942e+09	0	100	0	0	0	3
278	27	0.0160984076	1.73598263	1.46504692e+11	1.48117034e+11	1.42825637e+11	1.50785875e+11	435348444	1.78738942e+09	0	100	0	0	0	3
279	27	0.0161613471	1.74222717	1.48222456e+11	1.48124763e+11	1.42825637e+11	1.50785875e+11	423701315	1.78738942e+09	0	100	0	0	0	3
280	27	0.0162242401	1.74847171	1.49740175e+11	1.4814345e+11	1.42825637e+11	1.50785875e+11	423701315	1.78738942e+09	0	100	0	0	0	3
281	27	0.0162871815	1.75471626	1.48856701e+11	1.48146386e+11	1.42825637e+11	1.50785875e+11	423701315	1.78738942e+09	0	100	0	0	0	3
282	27	0.0163500751	1.7609608	1.49884991e+11	1.48163556e+11	1.42825637e+11	1.50785875e+11	402922500	1.78738942e+09	0	100	0	0	0	3
283	27	0.0164130188	1.76720534	1.49940978e+11	1.48161738e+11	1.42825637e+11	1.50785875e+11	402922500	1.78738942e+09	0	100	0	0	0	3
284	27	0.0164759152	1.77344988	1.49028881e+11	1.48167097e+11	1.42825637e+11	1.50785875e+11	390892974	1.78738942e+09	0	100	0	0	0	3
285	27	0.0165388608	1.77969442	1.4964914e+11	1.48157758e+11	1.42825637e+11	1.50785875e+11	348675447	1.78738942e+09	0	100	0	0	0	3
286	27	0.0166017589	1.78593897	1.51184873e+11	1.48180699e+11	1.42825637e+11	1.51184873e+11	348675447	1.78738942e+09	0	100	0	0	0	3
287	27	0.0166647071	1.79218351	1.45554411e+11	1.48122881e+11	1.42825637e+11	1.51184873e+11	348675447	1.78738942e+09	0	100	0	0	0	3
288	27	0.0167276082	1.79842805	1.47439193e+11	1.48149302e+11	1.42825637e+11	1.51184873e+11	348675447	1.78738942e+09	0	100	0	0	0	3
289	28	0.0167905589	1.80467259	1.4783687e+11	1.48155788e+11	1.42825637e+11	1.51184873e+11	348675447	1.78738942e+09	0	100	0	0	0	3
290	28	0.0168534618	1.81091713	1.48450571e+11	1.48168488e+11	1.42825637e+11	1.51184873e+11	348675447	1.78738942e+09	0	100	0	0	0	3
291	28	0.0169164123	1.81716167	1.49015124e+11	1.48167339e+11	1.42825637e+11	1.51184873e+11	348675447	1.78738942e+09	0	100	0	0	0	3
292	28	0.0169793158	1.82340622	1.50641563e+11	1.48183879e+11	1.42825637e+11	1.51184873e+11	348675447	1.78738942e+09	0	100	0	0	0	3
293	28	0.0170422696	1.82965076	1.49685126e+11	1.48191448e+11	1.42825637e+11	1.51184873e+11	348675447	1.78738942e+09	0	100	0	0	0	3
294	28	0.0171051758	1.8358953	1.49878589e+11	1.48207519e+11	1.42825637e+11	1.51184873e+11	274154397	1.78738942e+09	0	100	0	0	0	3
295	28	0.0171681311	1.84213984	1.49066438e+11	1.48188613e+11	1.42825637e+11	1.51184873e+11	258290955	1.78738942e+09	0	100	0	0	0	3
296	28	0.017231039	1.84838438	1.50531962e+11	1.48197545e+11	1.42825637e+11	1.51184873e+11	258290955	1.78738942e+09	0	100	0	0	0	3
297	28	0.0172939963	1.85462893	1.45719526e+11	1.48141251e+11	1.42825637e+11	1.51184873e+11	258290955	1.78738942e+09	0	100	0	0	0	3
298	28	0.0173569059	1.86087347	1.48333776e+11	1.48174968e+11	1.42825637e+11	1.51184873e+11	258290955	1.78738942e+09	0	100	0	0	0	3
299	28	0.0174198648	1.86711801	1.47793084e+11	1.48183716e+11	1.42825637e+11	1.51184873e+11	258290955	1.78738942e+09	0	100	0	0	0	3
300	29	0.0174827762	1.87336255	1.48721595e+11	1.48195613e+11	1.42825637e+11	1.51184873e+11	258290955	1.78738942e+09	0	100	0	0	0	3
301	29	0.0175457369	1.87960709	1.50006193e+11	1.48205213e+11	1.42825637e+11	1.51184873e+11	258290955	1.78738942e+09	0	100	0	0	0	3
302	29	0.0176086505	1.88585163	1.51159315e+11	1.48227708e+11	1.42825637e+11	1.51184873e+11	258290955	1.78738942e+09	0	100	0	0	0	3
303	29	0.0176716135	1.89209618	1.49327877e+11	1.4822653e+11	1.42825637e+11	1.51184873e+11	258290955	1.78738942e+09	0	100	0	0	0	3
